300.000005 0.002498149871826172 112.11713552474976 127.0273962020874 129.47234201431274 129.86818408966064
600.000001 0.005333900451660156 229.19471883773804 260.1138367652893 265.0254306793213 265.85996294021606
900.000003 0.008165359497070312 348.464910030365 394.69010829925537 401.7658009529114 403.0820789337158
1200.000017 0.010833740234375 465.9047074317932 527.0908765792847 536.1970272064209 537.9067497253418
1500.0000160000002 0.013519287109375 582.6196088790894 657.7386770248413 668.6327962875366 670.6970987319946
1800.0000450000002 0.016174793243408203 699.8762545585632 789.8474040031433 802.7434992790222 805.1551322937012
2100.00001 0.018813133239746094 813.9027924537659 918.3763422966003 933.2305707931519 935.9585957527161
2400.0090390000005 0.020682811737060547 858.6397042274475 969.0353851318359 984.7187781333923 987.5743861198425
2700.0018470000005 0.02269887924194336 872.6916208267212 984.8528265953064 1000.8287868499756 1003.6962146759033
3000.000011 0.023937702178955078 908.3563303947449 1023.9345779418945 1040.2863306999207 1043.1722979545593
3300.0001770000003 0.02489328384399414 945.8435354232788 1064.633029460907 1081.3081011772156 1084.2151317596436
3600.000007 0.025856494903564453 983.4857606887817 1105.5307669639587 1122.533392906189 1125.4578948020935
3900.0000059999998 0.02699899673461914 1021.0094294548035 1146.3641843795776 1163.7021145820618 1166.6462202072144
4200.000046 0.027698516845703125 1043.177562713623 1170.724657535553 1188.59130525589 1192.2756152153015
4500.000172 0.028801918029785156 1080.6037030220032 1213.7441854476929 1234.5120310783386 1242.1463799476624
4800.001437 0.030768871307373047 1116.657458782196 1253.0793657302856 1274.1809935569763 1281.8313603401184
5100.000172999999 0.03224039077758789 1150.7518553733826 1289.9922981262207 1311.3634672164917 1319.0312824249268
5394.314529 0.03428936004638672 1185.3497972488403 1327.404121875763 1349.0660943984985 1356.7541670799255
