303.64993699999997 0.0025873184204101562 0.0030465126037597656 0.004843235015869141 0.005149364471435547 0.005660533905029297
601.1234989999999 0.004086017608642578 0.004948139190673828 0.007750034332275391 0.008140087127685547 0.008651256561279297
903.6340779999999 0.005345344543457031 0.006443023681640625 0.010088443756103516 0.010497570037841797 0.011008739471435547
1202.38288 0.006756305694580078 0.00818634033203125 0.012706279754638672 0.013115406036376953 0.013626575469970703
1503.612544 0.007877349853515625 0.009506702423095703 0.014827728271484375 0.015255928039550781 0.01576709747314453
1802.704885 0.008996009826660156 0.01100921630859375 0.01707172393798828 0.017641067504882812 0.018152236938476562
2104.158938 0.01023721694946289 0.012471199035644531 0.01938152313232422 0.01995086669921875 0.0204620361328125
2400.257533 0.011223316192626953 0.013631343841552734 0.021266937255859375 0.021836280822753906 0.022347450256347656
2704.137132 0.012402057647705078 0.015041828155517578 0.023482322692871094 0.02407073974609375 0.0245819091796875
3004.126155 0.013785362243652344 0.016861915588378906 0.026230335235595703 0.02681875228881836 0.02732992172241211
3304.115363 0.014919281005859375 0.018190860748291016 0.02847146987915039 0.029078960418701172 0.029590129852294922
3604.104443 0.01588726043701172 0.019356727600097656 0.030504226684570312 0.031111717224121094 0.031622886657714844
3900.777408 0.01721477508544922 0.02100086212158203 0.03307914733886719 0.03368663787841797 0.03419780731201172
4201.297741 0.018221378326416016 0.022201061248779297 0.03502082824707031 0.03564739227294922 0.03615856170654297
4501.661915 0.019430160522460938 0.023637771606445312 0.037285804748535156 0.03795051574707031 0.03846168518066406
4800.869756 0.020532608032226562 0.025031089782714844 0.03940010070800781 0.040083885192871094 0.040595054626464844
5103.233835 0.021547317504882812 0.02623748779296875 0.04134368896484375 0.04202747344970703 0.04253864288330078
5400.957477 0.022670745849609375 0.027749061584472656 0.04367971420288086 0.04452371597290039 0.04503488540649414
5701.040454999999 0.02384328842163086 0.029155731201171875 0.045926570892333984 0.04678964614868164 0.04730081558227539
6001.029576999999 0.02481365203857422 0.030337810516357422 0.04783344268798828 0.04869651794433594 0.04920768737792969
6301.003149 0.02588796615600586 0.03160715103149414 0.0498509407043457 0.050733089447021484 0.051244258880615234
6600.554217 0.027199268341064453 0.03331327438354492 0.052324771881103516 0.05324506759643555 0.0537562370300293
6900.965724 0.02819061279296875 0.03448820114135742 0.05423307418823242 0.0551915168762207 0.05570268630981445
7200.954841 0.02911520004272461 0.03558540344238281 0.05604410171508789 0.0570216178894043 0.05753278732299805
7502.085649999999 0.030417919158935547 0.03719472885131836 0.058519840240478516 0.05949735641479492 0.06000852584838867
7800.074787999999 0.03137683868408203 0.038341522216796875 0.06037282943725586 0.06136941909790039 0.06188058853149414
8102.063909999999 0.032505035400390625 0.03966665267944336 0.06244182586669922 0.06345748901367188 0.06396865844726562
8402.052961 0.03377962112426758 0.04120159149169922 0.06485462188720703 0.06588935852050781 0.06640052795410156
8701.495269 0.034825801849365234 0.0424342155456543 0.06679773330688477 0.06785154342651367 0.06836271286010742
9000.031249 0.035883426666259766 0.04385662078857422 0.06889963150024414 0.0701136589050293 0.07062482833862305
9300.035657 0.03713083267211914 0.045343875885009766 0.07130289077758789 0.07253599166870117 0.07304716110229492
9600.384177 0.038140296936035156 0.04654502868652344 0.07327604293823242 0.07454729080200195 0.0750584602355957
9900.373289 0.039156436920166016 0.047754764556884766 0.07519960403442383 0.07650899887084961 0.07702016830444336
10200.362439 0.04040861129760742 0.049460411071777344 0.07768011093139648 0.07898950576782227 0.07950067520141602
10500.351569 0.041502952575683594 0.050749778747558594 0.07983636856079102 0.0811457633972168 0.08165693283081055
10800.340686 0.04244804382324219 0.051886558532714844 0.0816640853881836 0.0829925537109375 0.08350372314453125
11103.112321999999 0.044692039489746094 0.05474281311035156 0.08598613739013672 0.08771514892578125 0.08937215805053711
11402.101521 0.04578113555908203 0.05604410171508789 0.08810853958129883 0.08985662460327148 0.09151363372802734
11703.090615 0.046921730041503906 0.05740642547607422 0.09020757675170898 0.09203195571899414 0.09368896484375
12001.157932999999 0.048095703125 0.058870792388916016 0.09252691268920898 0.09438943862915039 0.09604644775390625
12300.881249999999 0.04909563064575195 0.06007242202758789 0.09441947937011719 0.09632015228271484 0.0979771614074707
12603.057948 0.05038261413574219 0.06177711486816406 0.09696769714355469 0.09900951385498047 0.10066652297973633
12902.456729 0.05167961120605469 0.06331157684326172 0.09931135177612305 0.10139131546020508 0.10304832458496094
13212.071032 0.052754878997802734 0.0645904541015625 0.10139942169189453 0.10347938537597656 0.10513639450073242
13501.560071 0.053924560546875 0.06605195999145508 0.10367393493652344 0.1057729721069336 0.10742998123168945
13812.033597 0.055211544036865234 0.06771326065063477 0.10624408721923828 0.10836219787597656 0.11001920700073242
14112.007091 0.056156158447265625 0.06885862350463867 0.10809564590454102 0.11025190353393555 0.1119089126586914
14411.996181999999 0.05711507797241211 0.07001829147338867 0.10997247695922852 0.11212873458862305 0.1137857437133789
14702.784236 0.05831003189086914 0.07149457931518555 0.11226940155029297 0.11444473266601562 0.11610174179077148
15002.788531 0.0593571662902832 0.07274103164672852 0.11428689956665039 0.11648130416870117 0.11813831329345703
15302.746877 0.06042337417602539 0.07400178909301758 0.1162724494934082 0.11848592758178711 0.12014293670654297
15602.736006 0.061641693115234375 0.07546091079711914 0.1185293197631836 0.1207427978515625 0.12239980697631836
15902.709582 0.062652587890625 0.0766448974609375 0.12045431137084961 0.12266778945922852 0.12432479858398438
16202.698622 0.06385278701782227 0.07821321487426758 0.12282037734985352 0.12519407272338867 0.12685108184814453
16504.2466 0.06501579284667969 0.07957267761230469 0.1250004768371582 0.12737417221069336 0.12903118133544922
16804.235214 0.06599092483520508 0.08076667785644531 0.12690448760986328 0.12929725646972656 0.13095426559448242
17103.985112 0.06732749938964844 0.08242607116699219 0.1295032501220703 0.13193416595458984 0.1335911750793457
17402.567572 0.06853675842285156 0.08397388458251953 0.13182973861694336 0.13427972793579102 0.13593673706054688
17704.202993 0.06960010528564453 0.08523035049438477 0.13395261764526367 0.13640260696411133 0.1380596160888672
18004.046319 0.0705881118774414 0.08640813827514648 0.13585567474365234 0.1383056640625 0.13996267318725586
18303.883671 0.0717763900756836 0.08789873123168945 0.13817930221557617 0.14062929153442383 0.1422863006591797
18602.41969 0.07291030883789062 0.08921384811401367 0.14026927947998047 0.14273834228515625 0.1443953514099121
18901.846384999997 0.07407283782958984 0.09057903289794922 0.14246654510498047 0.1449737548828125 0.14663076400756836
19201.398014 0.07527685165405273 0.0920557975769043 0.14475631713867188 0.14730167388916016 0.14895868301391602
19503.840168 0.07627630233764648 0.09323740005493164 0.14667510986328125 0.14923954010009766 0.15089654922485352
19800.391869 0.07738590240478516 0.09472846984863281 0.14886856079101562 0.15159320831298828 0.15325021743774414
20100.838066 0.07852315902709961 0.09612846374511719 0.15103578567504883 0.15381765365600586 0.15547466278076172
20400.389693999998 0.0795450210571289 0.09734010696411133 0.15295743942260742 0.1557774543762207 0.15743446350097656
20700.550999 0.08070087432861328 0.0987558364868164 0.15515565872192383 0.1579756736755371 0.15963268280029297
21000.383595 0.08188676834106445 0.10029888153076172 0.15747785568237305 0.16031694412231445 0.1619739532470703
21301.79455 0.08284950256347656 0.10142374038696289 0.15932416915893555 0.16218233108520508 0.16383934020996094
21600.361863 0.08384037017822266 0.10260772705078125 0.16119909286499023 0.16411447525024414 0.165771484375
21901.215451 0.08548164367675781 0.10472583770751953 0.1645336151123047 0.1675100326538086 0.16920137405395508
22201.204637 0.08671331405639648 0.10616779327392578 0.1668839454650879 0.16990995407104492 0.1716012954711914
22501.178167 0.08783578872680664 0.10759687423706055 0.16904211044311523 0.17214441299438477 0.17383575439453125
22801.073045 0.0890970230102539 0.10909032821655273 0.17147064208984375 0.17457294464111328 0.17632532119750977
23101.14082 0.09011220932006836 0.11028337478637695 0.17338895797729492 0.17651033401489258 0.17826271057128906
23401.129952 0.09134769439697266 0.11199045181274414 0.1759471893310547 0.1792287826538086 0.18103837966918945
23701.763441000003 0.09285449981689453 0.11373662948608398 0.17873525619506836 0.18204355239868164 0.1838531494140625
24001.393217 0.09393692016601562 0.1150369644165039 0.18079900741577148 0.18414545059204102 0.18600845336914062
24301.554122 0.09524679183959961 0.11667203903198242 0.18337345123291016 0.18675804138183594 0.18866682052612305
24601.371484000003 0.0964055061340332 0.1181020736694336 0.1855626106262207 0.1889662742614746 0.19093608856201172
24901.719942 0.09737110137939453 0.11927366256713867 0.1874403953552246 0.19086313247680664 0.19289016723632812
25201.318412 0.09836530685424805 0.12051534652709961 0.18936920166015625 0.19283008575439453 0.19485712051391602
25500.189632 0.09960365295410156 0.12195587158203125 0.19162654876708984 0.19510650634765625 0.19722509384155273
25800.178778 0.10062074661254883 0.12317085266113281 0.19359731674194336 0.19707727432250977 0.19924545288085938
26100.167940000003 0.10167884826660156 0.12454080581665039 0.19568109512329102 0.19919919967651367 0.20142459869384766
26400.157042000003 0.10283803939819336 0.1258983612060547 0.19782161712646484 0.20135879516601562 0.20363759994506836
26700.146145000002 0.10384798049926758 0.12710952758789062 0.19976186752319336 0.20329904556274414 0.20557785034179688
27000.135327000004 0.10500431060791016 0.12865447998046875 0.20205163955688477 0.20572996139526367 0.2080698013305664
27302.474113 0.10620880126953125 0.13005971908569336 0.20436525344848633 0.2080855369567871 0.21048641204833984
27600.275795 0.10716629028320312 0.13124608993530273 0.2062845230102539 0.2100048065185547 0.21246671676635742
27902.452366 0.10841083526611328 0.13283061981201172 0.20859432220458984 0.212371826171875 0.21489477157592773
28200.254016000003 0.1095571517944336 0.13423585891723633 0.2107400894165039 0.2145366668701172 0.2171168327331543
28501.430614 0.11077690124511719 0.13566255569458008 0.21303367614746094 0.21689128875732422 0.21952104568481445
28802.419806 0.11192941665649414 0.13712787628173828 0.21540355682373047 0.21926116943359375 0.22195196151733398
29100.243478 0.11316919326782227 0.1386404037475586 0.21786975860595703 0.22176551818847656 0.2245173454284668
29400.218102 0.1142892837524414 0.13996362686157227 0.22005558013916016 0.22398948669433594 0.22680234909057617
29700.206146 0.11559629440307617 0.1415395736694336 0.22243690490722656 0.22641277313232422 0.22939777374267578
30000.179644 0.11661911010742188 0.14275693893432617 0.2244710922241211 0.228485107421875 0.23147010803222656
30300.168747 0.11769914627075195 0.14401674270629883 0.2264866828918457 0.23051977157592773 0.2335047721862793
30600.142296 0.1188969612121582 0.14562559127807617 0.22886371612548828 0.23305702209472656 0.23604202270507812
30901.176569 0.1200103759765625 0.14693880081176758 0.2310166358947754 0.2352290153503418 0.23821401596069336
31203.16575 0.12107229232788086 0.14818859100341797 0.23299169540405273 0.23726511001586914 0.2402501106262207
31503.154865 0.12241268157958984 0.14995241165161133 0.23555707931518555 0.23988771438598633 0.2428727149963379
31803.144022 0.1234898567199707 0.15120363235473633 0.2375645637512207 0.2419142723083496 0.24489927291870117
32101.133132 0.12447261810302734 0.1523585319519043 0.2394561767578125 0.24382495880126953 0.2468099594116211
32403.122237 0.1255054473876953 0.1536397933959961 0.24141693115234375 0.24582386016845703 0.2488088607788086
32702.486355 0.1265854835510254 0.1549663543701172 0.2435297966003418 0.2479557991027832 0.25094079971313477
33009.897546 0.1277017593383789 0.15627717971801758 0.24567270278930664 0.25011777877807617 0.25310277938842773
33302.464608 0.12889909744262695 0.15776300430297852 0.2478957176208496 0.2523980140686035 0.2553830146789551
33602.453769 0.1299734115600586 0.15903568267822266 0.24996185302734375 0.2544832229614258 0.25746822357177734
33902.442949 0.1310410499572754 0.16030454635620117 0.25205135345458984 0.2566108703613281 0.2595958709716797
34202.432111 0.13227510452270508 0.16193437576293945 0.2545170783996582 0.2592177391052246 0.26220273971557617
34505.047339 0.13341903686523438 0.16326093673706055 0.2566642761230469 0.2613649368286133 0.26434993743896484
34802.645541 0.13462352752685547 0.16468381881713867 0.25909852981567383 0.2638564109802246 0.26684141159057617
35102.634652 0.1360926628112793 0.16658592224121094 0.2619509696960449 0.26672792434692383 0.2697129249572754
35404.98351 0.13718318939208984 0.16785097122192383 0.263979434967041 0.26877546310424805 0.2717604637145996
35704.972633 0.1382155418395996 0.16904687881469727 0.26590871810913086 0.270723819732666 0.2737088203430176
36002.602068 0.1392045021057129 0.17031574249267578 0.2678837776184082 0.2727179527282715 0.27570295333862305
36307.046490999994 0.14027118682861328 0.17157268524169922 0.26995372772216797 0.2748260498046875 0.27781105041503906
36607.035815999996 0.14134454727172852 0.17282533645629883 0.2719240188598633 0.27683448791503906 0.2798194885253906
36907.024768999996 0.14259099960327148 0.17435598373413086 0.27421092987060547 0.2791595458984375 0.28214454650878906
37207.013967 0.14369726181030273 0.1756439208984375 0.2762928009033203 0.28124141693115234 0.2842264175415039
37507.003097999994 0.1447606086730957 0.17690706253051758 0.2782926559448242 0.28324127197265625 0.2862262725830078
37806.992244999994 0.14593267440795898 0.17850112915039062 0.28064632415771484 0.2857551574707031 0.2887401580810547
38100.96874 0.14709901809692383 0.17986583709716797 0.2828669548034668 0.2879757881164551 0.29096078872680664
38400.957763 0.14805173873901367 0.1810321807861328 0.2847738265991211 0.2899017333984375 0.29288673400878906
38700.946964999996 0.1494274139404297 0.18282651901245117 0.2873544692993164 0.29252052307128906 0.2955055236816406
39000.93614 0.1506943702697754 0.18433666229248047 0.2897500991821289 0.2949657440185547 0.29795074462890625
39300.924998999995 0.15171194076538086 0.18555402755737305 0.29169702529907227 0.29693174362182617 0.29991674423217773
39600.914221 0.15276765823364258 0.18691396713256836 0.2938504219055176 0.2991042137145996 0.30208921432495117
39901.71447 0.15398359298706055 0.18837547302246094 0.29619741439819336 0.3014512062072754 0.30443620681762695
40200.703549000005 0.15506744384765625 0.18964290618896484 0.2982974052429199 0.3035702705383301 0.30655527114868164
40501.692783000006 0.1563262939453125 0.19118833541870117 0.30062150955200195 0.30591344833374023 0.3088984489440918
40801.681885000005 0.15746784210205078 0.19251108169555664 0.3027610778808594 0.3080911636352539 0.31107616424560547
41101.671035 0.15850257873535156 0.1937398910522461 0.3048224449157715 0.310152530670166 0.3131375312805176
41401.660131000004 0.1597003936767578 0.1953754425048828 0.3072366714477539 0.3127269744873047 0.31571197509765625
41700.291695 0.16111326217651367 0.1970071792602539 0.3100132942199707 0.31556081771850586 0.3185458183288574
42001.468281 0.16210174560546875 0.19819164276123047 0.31196165084838867 0.31752824783325195 0.3205132484436035
42300.238661999996 0.16359806060791016 0.20012521743774414 0.3148193359375 0.32042407989501953 0.3235158920288086
42601.446528 0.16465187072753906 0.20136499404907227 0.3168182373046875 0.32242298126220703 0.3255147933959961
42901.435639999996 0.16577911376953125 0.20269441604614258 0.31904172897338867 0.32466554641723633 0.3277573585510254
43201.424798 0.16682195663452148 0.20400667190551758 0.32107114791870117 0.32671403884887695 0.329805850982666
43500.861315 0.1679697036743164 0.20537424087524414 0.323239803314209 0.3289017677307129 0.33199357986450195
43800.856358 0.16900348663330078 0.20661115646362305 0.32525157928466797 0.3309135437011719 0.33400535583496094
44100.839543 0.17019176483154297 0.20808887481689453 0.32753515243530273 0.3332352638244629 0.33632707595825195
44400.828651 0.17129850387573242 0.20938730239868164 0.3296847343444824 0.3353848457336426 0.33847665786743164
44700.81778 0.1723341941833496 0.21059846878051758 0.33170127868652344 0.3374013900756836 0.34049320220947266
45000.806897 0.17347145080566406 0.21216058731079102 0.3340420722961426 0.33988332748413086 0.3429751396179199
45300.69657 0.17470884323120117 0.21361255645751953 0.33643245697021484 0.3422737121582031 0.3453655242919922
45600.63886 0.17574167251586914 0.21482515335083008 0.33843564987182617 0.34427690505981445 0.3473687171936035
45900.628013 0.17721033096313477 0.21682071685791016 0.34130144119262695 0.3473219871520996 0.35047483444213867
46200.617165999996 0.178253173828125 0.21805047988891602 0.3432793617248535 0.3493189811706543 0.35247182846069336
46500.606322 0.17920446395874023 0.21918869018554688 0.34514713287353516 0.3512248992919922 0.35437774658203125
46800.595516 0.18032503128051758 0.22056341171264648 0.34726619720458984 0.3533821105957031 0.3565349578857422
47101.289386000004 0.1814098358154297 0.2218914031982422 0.3493161201477051 0.35549306869506836 0.3586459159851074
47401.278507 0.18267107009887695 0.22336483001708984 0.35174036026000977 0.3579554557800293 0.36110830307006836
47714.017691 0.18387603759765625 0.2248539924621582 0.3539924621582031 0.36026477813720703 0.3634176254272461
48001.25681 0.18508005142211914 0.22626638412475586 0.3563098907470703 0.3625822067260742 0.3657350540161133
48301.245975000005 0.18609285354614258 0.22745466232299805 0.35826539993286133 0.36453771591186523 0.3676905632019043
48601.235099000005 0.1872568130493164 0.22902536392211914 0.36065673828125 0.36707019805908203 0.3702230453491211
48909.483084 0.1883535385131836 0.2303180694580078 0.36276721954345703 0.36918067932128906 0.3723335266113281
49207.721943 0.18931961059570312 0.2315049171447754 0.3646526336669922 0.37110424041748047 0.37425708770751953
49509.445782 0.19066524505615234 0.23326396942138672 0.36719417572021484 0.3737220764160156 0.3768749237060547
49809.434931 0.19166183471679688 0.23445606231689453 0.3691573143005371 0.3756852149963379 0.37883806228637695
50109.408414 0.19263839721679688 0.2356276512145996 0.37107038497924805 0.37761735916137695 0.380770206451416
50409.397553 0.19372034072875977 0.23699378967285156 0.37320756912231445 0.3797736167907715 0.38292646408081055
50702.852462 0.19495773315429688 0.23846006393432617 0.37561750411987305 0.3822026252746582 0.38535547256469727
51002.841615000005 0.19606781005859375 0.2397603988647461 0.3776736259460449 0.3842587471008301 0.38741159439086914
51302.815121 0.19727420806884766 0.2412409782409668 0.37993669509887695 0.38655996322631836 0.3897128105163574
51600.14775800001 0.1987476348876953 0.24312782287597656 0.3826751708984375 0.38942813873291016 0.3926572799682617
51902.777865000004 0.19985008239746094 0.2445220947265625 0.38484811782836914 0.3916201591491699 0.3948493003845215
52200.032211000005 0.2038707733154297 0.31377077102661133 0.4766707420349121 0.494509220123291 0.5062336921691895
52504.229977 0.20729589462280273 0.3657846450805664 0.5451312065124512 0.571904182434082 0.5901365280151367
52800.34434 0.20864152908325195 0.36740684509277344 0.5476431846618652 0.5744924545288086 0.5927248001098633
53105.589262 0.2103133201599121 0.37008047103881836 0.5513968467712402 0.5782880783081055 0.5965204238891602
53405.578648 0.21163511276245117 0.37162351608276367 0.5539364814758301 0.5808467864990234 0.5990791320800781
53705.56788 0.21294879913330078 0.3731989860534668 0.5566186904907227 0.583559513092041 0.6037945747375488
54005.556525 0.21407699584960938 0.37468910217285156 0.5588922500610352 0.5858521461486816 0.6060872077941895
54301.21892000001 0.2152695655822754 0.3761129379272461 0.5611519813537598 0.5881118774414062 0.6083469390869141
54600.31155500001 0.21637392044067383 0.3773965835571289 0.5631804466247559 0.5901594161987305 0.6103944778442383
54901.197210000006 0.2175593376159668 0.37897491455078125 0.5655641555786133 0.5925812721252441 0.612816333770752
55201.186502000004 0.21869754791259766 0.3802986145019531 0.5677509307861328 0.5947680473327637 0.6150031089782715
55501.17576700001 0.21958112716674805 0.38134288787841797 0.5695242881774902 0.5965604782104492 0.616795539855957
55801.164925000005 0.2208108901977539 0.38329505920410156 0.572453498840332 0.5997071266174316 0.6199421882629395
56100.47389300001 0.2219243049621582 0.3846249580383301 0.5746316909790039 0.6019043922424316 0.6221394538879395
56401.259904000006 0.22296571731567383 0.3858976364135742 0.5766944885253906 0.6039671897888184 0.6242022514343262
56701.45214200001 0.2242264747619629 0.38759469985961914 0.5791397094726562 0.6064505577087402 0.626685619354248
57001.44136800001 0.22527456283569336 0.38884973526000977 0.5811543464660645 0.6084842681884766 0.6287193298339844
57300.43046300001 0.22644376754760742 0.3902120590209961 0.5833225250244141 0.6106715202331543 0.6309447288513184
57601.419656000005 0.22760438919067383 0.3916606903076172 0.5854849815368652 0.6128530502319336 0.6331262588500977
57901.74686000001 0.2286849021911621 0.39298152923583984 0.5876073837280273 0.615013599395752 0.635286808013916
58202.34543600001 0.22975587844848633 0.39425086975097656 0.5896177291870117 0.6170239448547363 0.6372971534729004
58501.725146000004 0.23093128204345703 0.3957247734069824 0.5918359756469727 0.6192803382873535 0.6395535469055176
58801.71428700001 0.23204565048217773 0.39704179763793945 0.5938754081726074 0.6213388442993164 0.6416120529174805
59101.703438000004 0.23299217224121094 0.3981795310974121 0.5957574844360352 0.6232209205627441 0.6434941291809082
59401.692565000005 0.23432016372680664 0.40000438690185547 0.5985479354858398 0.6261372566223145 0.6464104652404785
59700.452412000006 0.2354116439819336 0.4012794494628906 0.6005988121032715 0.6282262802124023 0.6484994888305664
60000.22270700001 0.23657560348510742 0.40265512466430664 0.6027650833129883 0.6304116249084473 0.6506848335266113
60300.43073300001 0.23781871795654297 0.4043426513671875 0.605255126953125 0.6329207420349121 0.6531939506530762
60600.41986100001 0.2388906478881836 0.4056072235107422 0.6072907447814941 0.6349563598632812 0.6552295684814453
60900.40898900001 0.23987674713134766 0.4067573547363281 0.6091742515563965 0.6368589401245117 0.6571321487426758
61200.39816000001 0.24115705490112305 0.4084162712097168 0.6117682456970215 0.6394720077514648 0.6597452163696289
61500.91131 0.2422947883605957 0.4097633361816406 0.6139473915100098 0.6417083740234375 0.6619815826416016
61800.291148000004 0.24343585968017578 0.41110992431640625 0.6160345077514648 0.6438145637512207 0.6640877723693848
62100.889569000006 0.24470901489257812 0.41278696060180664 0.6185784339904785 0.6463584899902344 0.6666316986083984
62400.878748 0.24585866928100586 0.41411304473876953 0.6207480430603027 0.6485471725463867 0.6688203811645508
62700.867840000006 0.2469034194946289 0.4153933525085449 0.6228375434875488 0.6507778167724609 0.671051025390625
63000.606932 0.24811267852783203 0.4169797897338867 0.6252527236938477 0.6531929969787598 0.6734662055969238
63300.187294 0.24918222427368164 0.41825342178344727 0.6273965835571289 0.655336856842041 0.6756100654602051
63600.176456 0.2501955032348633 0.4195060729980469 0.62933349609375 0.6573309898376465 0.6776041984558105
63900.165633000004 0.2515110969543457 0.42124223709106445 0.6318368911743164 0.6598725318908691 0.6801457405090332
64200.154792 0.2525205612182617 0.4224553108215332 0.6338100433349609 0.6618647575378418 0.6821379661560059
64500.14385 0.25354623794555664 0.42367124557495117 0.6358275413513184 0.6638822555541992 0.6841554641723633
64800.133108 0.2546839714050293 0.42508459091186523 0.6379742622375488 0.6660480499267578 0.6863212585449219
65100.287000000004 0.2558426856994629 0.4264645576477051 0.6401982307434082 0.6682720184326172 0.6885452270507812
65400.307858 0.2571392059326172 0.42802000045776367 0.642735481262207 0.670809268951416 0.6910824775695801
65700.249805 0.2583317756652832 0.42949962615966797 0.6450700759887695 0.6731438636779785 0.6934170722961426
66000.28486100001 0.2593879699707031 0.4307889938354492 0.647092342376709 0.6751852035522461 0.6954584121704102
66300.212322 0.2604975700378418 0.43224525451660156 0.6493887901306152 0.6776227951049805 0.6978960037231445
66600.223432 0.2617058753967285 0.4337444305419922 0.6517086029052734 0.6799807548522949 0.700253963470459
66900.32141199999 0.2629246711730957 0.43523216247558594 0.6540365219116211 0.6823086738586426 0.7025818824768066
67200.31057599999 0.2642536163330078 0.4368600845336914 0.6566643714904785 0.6849632263183594 0.7052364349365234
67500.299763 0.2656393051147461 0.43863916397094727 0.6592645645141602 0.6875824928283691 0.7078557014465332
67800.288814 0.266568660736084 0.43981170654296875 0.6611967086791992 0.6895337104797363 0.7098069190979004
68100.27797299999 0.26755714416503906 0.44098806381225586 0.6630988121032715 0.6914358139038086 0.7117090225219727
68400.26718 0.2686119079589844 0.44233179092407227 0.6651678085327148 0.6935238838195801 0.7137970924377441
68700.183794 0.2697787284851074 0.44371747970581055 0.6673741340637207 0.6957302093505859 0.71600341796875
69000.17287 0.27091121673583984 0.44502973556518555 0.6694269180297852 0.6978211402893066 0.7180943489074707
69300.162035 0.272097110748291 0.44649696350097656 0.6716427803039551 0.7000560760498047 0.7203292846679688
69600.151145 0.2731447219848633 0.4477386474609375 0.6736869812011719 0.7021002769470215 0.7223734855651855
69900.140309 0.2741999626159668 0.44919300079345703 0.6758742332458496 0.7044134140014648 0.7246866226196289
70212.30124 0.2753138542175293 0.45054197311401367 0.6780023574829102 0.7065606117248535 0.7268338203430176
70501.843523 0.2763371467590332 0.4517946243286133 0.6800374984741211 0.7085957527160645 0.7288689613342285
70806.363787 0.27734804153442383 0.45300865173339844 0.6819467544555664 0.710543155670166 0.7308163642883301
71101.806151 0.2788515090942383 0.45501232147216797 0.684913158416748 0.7135095596313477 0.733881950378418
71404.170292 0.2800111770629883 0.45642948150634766 0.6871252059936523 0.715721607208252 0.7362771034240723
71701.784411 0.28139686584472656 0.45817041397094727 0.6899123191833496 0.7185087203979492 0.7390642166137695
72006.289076 0.28268861770629883 0.4597897529602051 0.6924939155578613 0.7211475372314453 0.7417030334472656
72300.12721600001 0.28379392623901367 0.4611492156982422 0.6946778297424316 0.7233314514160156 0.7438869476318359
72600.085594 0.28491783142089844 0.4624924659729004 0.6968655586242676 0.7255764007568359 0.7461318969726562
72900.074702 0.2861294746398926 0.4639906883239746 0.6991462707519531 0.7278761863708496 0.7484316825866699
73200.048257 0.2871265411376953 0.46520471572875977 0.7011237144470215 0.7298917770385742 0.7504472732543945
73500.037358 0.2882704734802246 0.4667196273803711 0.7034025192260742 0.7323155403137207 0.752871036529541
73800.010957 0.2893524169921875 0.4680790901184082 0.705510139465332 0.7344422340393066 0.754997730255127
74102.53158200001 0.29039812088012695 0.469332218170166 0.707542896270752 0.7364940643310547 0.757049560546875
74402.933026 0.29146909713745117 0.47058725357055664 0.7095346450805664 0.7385239601135254 0.7590794563293457
74702.494208 0.2928962707519531 0.47243690490722656 0.7122015953063965 0.7411909103393555 0.7617464065551758
75002.91119900001 0.2938528060913086 0.473599910736084 0.7141013145446777 0.7431097030639648 0.7636651992797852
75302.472498 0.2948884963989258 0.47481870651245117 0.7161026000976562 0.7451109886169434 0.7671160697937012
75602.88985800001 0.29619932174682617 0.4765000343322754 0.718602180480957 0.747713565826416 0.7697186470031738
75900.16349900002 0.2974729537963867 0.47802162170410156 0.7210326194763184 0.7501440048217773 0.7721490859985352
76202.48063100001 0.2986111640930176 0.47936296463012695 0.7231340408325195 0.7522835731506348 0.7742886543273926
76501.03230800001 0.29982423782348633 0.4808964729309082 0.725461483001709 0.7546491622924805 0.7766542434692383
76801.77145700001 0.3009157180786133 0.4821739196777344 0.7275791168212891 0.7567858695983887 0.7787909507751465
77102.44806600001 0.3020915985107422 0.48372554779052734 0.7298941612243652 0.7592611312866211 0.7812662124633789
77402.43717100001 0.3032374382019043 0.4851236343383789 0.7321243286132812 0.7615485191345215 0.7835536003112793
77700.41884800002 0.30437278747558594 0.48645496368408203 0.7342691421508789 0.7637124061584473 0.7857174873352051
78002.53327100001 0.30544042587280273 0.48772335052490234 0.7363581657409668 0.7658586502075195 0.7878637313842773
78302.50687100002 0.3069171905517578 0.4896998405456543 0.7393045425415039 0.7688431739807129 0.7908482551574707
78600.71436400001 0.30790281295776367 0.4908633232116699 0.7412314414978027 0.7707891464233398 0.7927942276000977
78900.35964700002 0.3088808059692383 0.49206018447875977 0.7431540489196777 0.7727117538452148 0.7947168350219727
79202.45861000002 0.30998897552490234 0.4934215545654297 0.7453398704528809 0.7749166488647461 0.7969217300415039
79500.47445600001 0.3112006187438965 0.49486351013183594 0.7476410865783691 0.7772178649902344 0.7992229461669922
79802.94782900001 0.3122892379760742 0.4961519241333008 0.7497501373291016 0.779365062713623 0.8013701438903809
80100.45270700002 0.31349992752075195 0.4976677894592285 0.7520751953125 0.7817091941833496 0.8037142753601074
80401.66062000001 0.31456613540649414 0.49891185760498047 0.7541098594665527 0.7838010787963867 0.8058061599731445
80700.41541200002 0.31577110290527344 0.5005288124084473 0.7565703392028809 0.786402702331543 0.8084077835083008
81001.63893800002 0.31713151931762695 0.5021572113037109 0.759091854095459 0.7889928817749023 0.8111200332641602
81302.59328500001 0.31826353073120117 0.5035300254821777 0.7613496780395508 0.7912888526916504 0.8134160041809082
81602.58246900002 0.3193044662475586 0.504765510559082 0.7633609771728516 0.7933001518249512 0.815427303314209
81901.57160000001 0.3206801414489746 0.5065879821777344 0.7659735679626465 0.7959699630737305 0.8180971145629883
82204.74819500001 0.32178354263305664 0.5078649520874023 0.7681374549865723 0.7981529235839844 0.8202800750732422
82502.54985500002 0.32277774810791016 0.509068489074707 0.7700471878051758 0.800081729888916 0.8222088813781738
82804.72656800001 0.3240518569946289 0.5107183456420898 0.7725486755371094 0.8026251792907715 0.8247523307800293
83101.24203900002 0.3253340721130371 0.5122833251953125 0.7751021385192871 0.8051977157592773 0.8273248672485352
83400.51197600001 0.3266110420227051 0.5137591361999512 0.7775177955627441 0.8076324462890625 0.8297595977783203
83701.20482300001 0.32778072357177734 0.515223503112793 0.7797765731811523 0.8099102973937988 0.8320374488830566
84000.677739 0.32933616638183594 0.517153263092041 0.7829771041870117 0.8131489753723145 0.8353104591369629
84301.167381 0.33057117462158203 0.5188508033752441 0.7855410575866699 0.8158540725708008 0.8381032943725586
84600.39050500002 0.33179616928100586 0.5203461647033691 0.7878537178039551 0.8182048797607422 0.8404541015625
84900.62381400002 0.3328433036804199 0.5216188430786133 0.7899236679077148 0.820274829864502 0.8425240516662598
85203.67546700002 0.33411502838134766 0.5231590270996094 0.792482852935791 0.8228340148925781 0.8450832366943359
85501.93028000002 0.335421085357666 0.5249042510986328 0.7950038909912109 0.8254313468933105 0.8476805686950684
85805.79419400002 0.3366694450378418 0.5264005661010742 0.797309398651123 0.8277750015258789 0.8500585556030273
86101.90859900002 0.33759450912475586 0.527534008026123 0.799168586730957 0.8296341896057129 0.8519177436828613
86404.75698500001 0.33897876739501953 0.5292863845825195 0.8018631935119629 0.8323707580566406 0.8546543121337891
86504.73424800002 0.33922767639160156 0.5295810699462891 0.8024020195007324 0.8329286575317383 0.8552122116088867
