300.427669 0.003387451171875 0.004121303558349609 0.005429744720458984 0.005765438079833984 0.007825374603271484
600.416642 0.007286548614501953 0.008841514587402344 0.011434078216552734 0.01207113265991211 0.01596975326538086
900.40559 0.010424613952636719 0.012807369232177734 0.01665973663330078 0.018151283264160156 0.026627540588378906
1200.394605 0.01415109634399414 0.01727008819580078 0.022239208221435547 0.023936748504638672 0.03450345993041992
1500.383494 0.017150402069091797 0.02096414566040039 0.027119159698486328 0.029087543487548828 0.04189348220825195
1800.372439 0.021086692810058594 0.025659561157226562 0.033066749572753906 0.03514575958251953 0.05007648468017578
2100.076628 0.025172710418701172 0.03065204620361328 0.03943634033203125 0.042337894439697266 0.06057596206665039
2400.065583 0.028029441833496094 0.03409433364868164 0.044025421142578125 0.047106266021728516 0.06731653213500977
2700.0545899999997 0.03165483474731445 0.0383453369140625 0.04926156997680664 0.052437782287597656 0.07486820220947266
3000.043521 0.03462028503417969 0.04204368591308594 0.05388164520263672 0.057187557220458984 0.08146429061889648
3300.618422 0.038630008697509766 0.04706430435180664 0.060217857360839844 0.06405782699584961 0.09233856201171875
3600.286449 0.04161834716796875 0.050687313079833984 0.06485462188720703 0.06885099411010742 0.09966850280761719
3900.1313769999997 0.04582023620605469 0.05574941635131836 0.0711827278137207 0.07548046112060547 0.10852956771850586
4200.795188 0.04866504669189453 0.0591588020324707 0.07555246353149414 0.07990741729736328 0.11496686935424805
4500.783995 0.05236339569091797 0.06359052658081055 0.0809330940246582 0.08537960052490234 0.12304115295410156
4800.772879 0.05547189712524414 0.0674433708190918 0.08610868453979492 0.09122276306152344 0.13304996490478516
5100.7617199999995 0.05927467346191406 0.07216739654541016 0.09188985824584961 0.09721755981445312 0.14183330535888672
5400.750577 0.06216859817504883 0.07553815841674805 0.09644031524658203 0.10196638107299805 0.1491532325744629
5700.060519000001 0.06606769561767578 0.08029556274414062 0.10241556167602539 0.10801029205322266 0.15784835815429688
6000.04956 0.06905508041381836 0.08399105072021484 0.10722923278808594 0.11304140090942383 0.1651148796081543
6300.038448 0.07282400131225586 0.08851909637451172 0.11292791366577148 0.119354248046875 0.1746511459350586
6600.02743 0.07588052749633789 0.09231328964233398 0.11770153045654297 0.12430334091186523 0.18236589431762695
6900.016431 0.07986831665039062 0.09721946716308594 0.12389850616455078 0.13100767135620117 0.19260644912719727
7200.005427 0.08279705047607422 0.10073041915893555 0.12858867645263672 0.13577795028686523 0.1999363899230957
7500.710717 0.0868673324584961 0.10561800003051758 0.13466358184814453 0.14211606979370117 0.20958185195922852
7800.699713 0.08968210220336914 0.10897541046142578 0.13898897171020508 0.14657878875732422 0.2165050506591797
8100.079324 0.0933222770690918 0.11336565017700195 0.1441326141357422 0.15183305740356445 0.22458600997924805
8400.677869 0.09639883041381836 0.11731195449829102 0.14912080764770508 0.1571950912475586 0.23318910598754883
8700.468468 0.10041332244873047 0.12230825424194336 0.15530967712402344 0.1638493537902832 0.2432422637939453
9000.655738 0.10352420806884766 0.1261138916015625 0.16023683547973633 0.16906261444091797 0.25128602981567383
9300.945457 0.10732269287109375 0.13069581985473633 0.16590356826782227 0.1749429702758789 0.2601304054260254
9600.934348 0.11012744903564453 0.13410043716430664 0.17021942138671875 0.17936944961547852 0.2671699523925781
9900.923221000001 0.1138606071472168 0.13860559463500977 0.17552471160888672 0.18470144271850586 0.2765645980834961
10200.912074 0.1170806884765625 0.14282941818237305 0.1807694435119629 0.1904301643371582 0.28600502014160156
10500.182162000001 0.12162542343139648 0.1484360694885254 0.18795251846313477 0.19850587844848633 0.29921531677246094
10800.170943000001 0.12495851516723633 0.1525559425354004 0.1932382583618164 0.20415019989013672 0.3084530830383301
11100.442171 0.12895965576171875 0.15751123428344727 0.19928455352783203 0.21028804779052734 0.31778383255004883
11400.360658000001 0.13193321228027344 0.16118288040161133 0.20383787155151367 0.21495962142944336 0.32548046112060547
11700.349533 0.13555431365966797 0.16554784774780273 0.20903539657592773 0.22017621994018555 0.33322620391845703
12000.494734 0.13843154907226562 0.16910028457641602 0.21336698532104492 0.22457265853881836 0.34029674530029297
12300.772576000001 0.1427021026611328 0.1745314598083496 0.2200603485107422 0.2318115234375 0.3511977195739746
12600.761458 0.14594316482543945 0.17850685119628906 0.225250244140625 0.23752403259277344 0.36031675338745117
12900.464586 0.14983558654785156 0.18317270278930664 0.23102617263793945 0.2437119483947754 0.37010955810546875
13200.453471 0.15269899368286133 0.18664216995239258 0.2353343963623047 0.24835205078125 0.3775763511657715
13500.409067 0.1563739776611328 0.1910877227783203 0.24057245254516602 0.25381898880004883 0.38598060607910156
13800.126545000001 0.15969085693359375 0.19539451599121094 0.24606943130493164 0.2597813606262207 0.39496803283691406
14100.537289 0.1641535758972168 0.2010645866394043 0.25291967391967773 0.26771116256713867 0.40665531158447266
14400.526237 0.16729307174682617 0.20488405227661133 0.2577219009399414 0.2729787826538086 0.41429567337036133
14700.760868000001 0.17151212692260742 0.2100691795349121 0.2638978958129883 0.27950572967529297 0.42347002029418945
15000.749762000001 0.17445993423461914 0.2136826515197754 0.26830482482910156 0.2843437194824219 0.4306502342224121
15300.738609000002 0.17817115783691406 0.2181529998779297 0.27357912063598633 0.289949893951416 0.438232421875
15600.727460000002 0.18122100830078125 0.22192001342773438 0.27808046340942383 0.2948174476623535 0.4450836181640625
15900.716309000001 0.18525457382202148 0.2269458770751953 0.28391408920288086 0.3011355400085449 0.4536905288696289
16200.705168 0.18848466873168945 0.23090362548828125 0.2888984680175781 0.30646324157714844 0.4615778923034668
16500.234769000002 0.19292545318603516 0.23645353317260742 0.29558753967285156 0.31394195556640625 0.47254371643066406
16800.344274000003 0.19602012634277344 0.24023151397705078 0.30019092559814453 0.31908321380615234 0.48014163970947266
17100.333124 0.1999034881591797 0.24493885040283203 0.30562257766723633 0.3251175880432129 0.4887242317199707
17400.321914 0.20307302474975586 0.24897241592407227 0.3103647232055664 0.33028697967529297 0.49616336822509766
17700.310759 0.20743179321289062 0.254427433013916 0.31701231002807617 0.338040828704834 0.5065479278564453
18000.299580000003 0.21062517166137695 0.25830078125 0.3216867446899414 0.3433866500854492 0.5146136283874512
18300.45966 0.2150278091430664 0.2637205123901367 0.32807064056396484 0.35039615631103516 0.5238547325134277
18601.39828 0.2181248664855957 0.26747751235961914 0.33259105682373047 0.35541629791259766 0.5311102867126465
18900.387168 0.2220449447631836 0.27220678329467773 0.3381218910217285 0.3612828254699707 0.539158821105957
19201.375969 0.2252211570739746 0.27609872817993164 0.34268903732299805 0.366269588470459 0.5459270477294922
19501.364811 0.2293844223022461 0.2812929153442383 0.34862804412841797 0.37261295318603516 0.5539107322692871
19800.353654 0.23281240463256836 0.2855091094970703 0.35379457473754883 0.3784317970275879 0.560816764831543
20101.847149 0.23709726333618164 0.2905845642089844 0.35975074768066406 0.38477325439453125 0.5687985420227051
20400.836037 0.24025869369506836 0.29441261291503906 0.36425018310546875 0.3896656036376953 0.5753922462463379
20700.824766 0.24423837661743164 0.29914093017578125 0.36968231201171875 0.3953418731689453 0.5827546119689941
21001.813538 0.24773740768432617 0.3035926818847656 0.3750133514404297 0.4012870788574219 0.5900921821594238
21300.802424 0.252260684967041 0.3090529441833496 0.381439208984375 0.40866994857788086 0.5997028350830078
21600.791267 0.25540733337402344 0.31292200088500977 0.38605499267578125 0.41372060775756836 0.6063213348388672
21900.708908 0.25995540618896484 0.31847524642944336 0.3926115036010742 0.4206662178039551 0.6155366897583008
22200.697741 0.2631516456604004 0.32227420806884766 0.39718055725097656 0.4256434440612793 0.6218147277832031
22500.686554 0.2672138214111328 0.3270754814147949 0.4027390480041504 0.43149566650390625 0.6290402412414551
22801.675376 0.2705373764038086 0.33106136322021484 0.40752267837524414 0.4364166259765625 0.6354756355285645
23101.664162 0.27479982376098633 0.33628129959106445 0.4135398864746094 0.44275426864624023 0.6430873870849609
23400.653041999998 0.2782621383666992 0.3405003547668457 0.41869306564331055 0.44806766510009766 0.6495070457458496
23702.920765 0.2826418876647949 0.3456840515136719 0.42476797103881836 0.4543485641479492 0.6568217277526855
24000.934306 0.285764217376709 0.34943485260009766 0.42928457260131836 0.4590139389038086 0.6623988151550293
24301.602839 0.2900404930114746 0.35449838638305664 0.43521833419799805 0.4650888442993164 0.6699271202087402
24601.591762 0.29352378845214844 0.3587918281555176 0.4402751922607422 0.4704165458679199 0.6765365600585938
24900.580663 0.29811859130859375 0.36434030532836914 0.44687700271606445 0.4777340888977051 0.6859025955200195
25201.833087 0.30141544342041016 0.36832523345947266 0.45162391662597656 0.48265647888183594 0.6921830177307129
25501.027346 0.30594396591186523 0.3738064765930176 0.45793628692626953 0.48911380767822266 0.7001738548278809
25800.01624 0.3098773956298828 0.3784804344177246 0.46338462829589844 0.49465370178222656 0.7070717811584473
26100.575399 0.31310224533081055 0.3822646141052246 0.46790456771850586 0.49929189682006836 0.7131137847900391
26401.165836 0.3174448013305664 0.3875422477722168 0.4740409851074219 0.5055580139160156 0.720512866973877
26701.053137 0.3209681510925293 0.3919677734375 0.47933483123779297 0.5111379623413086 0.7278628349304199
27001.143573 0.32527732849121094 0.397127628326416 0.48556041717529297 0.5174703598022461 0.7359728813171387
27300.016659 0.3287820816040039 0.4012746810913086 0.4906644821166992 0.5225744247436523 0.7427668571472168
27600.005531 0.33278465270996094 0.4060707092285156 0.4960927963256836 0.5280447006225586 0.7494654655456543
27900.908937 0.33606815338134766 0.4099435806274414 0.500678539276123 0.532660961151123 0.7553062438964844
28200.889952999998 0.3402595520019531 0.4150815010070801 0.5064702033996582 0.5385022163391113 0.7627153396606445
28500.894427 0.3439621925354004 0.41959619522094727 0.5120139122009277 0.5445609092712402 0.7705807685852051
28800.553255 0.3482494354248047 0.4246811866760254 0.5179595947265625 0.5506095886230469 0.7781667709350586
29100.856526 0.35191822052001953 0.4291501045227051 0.5232462882995605 0.5560488700866699 0.7850174903869629
29400.845392 0.3558621406555176 0.43387651443481445 0.5286998748779297 0.5615673065185547 0.7919130325317383
29700.896761 0.359133243560791 0.4377427101135254 0.5333089828491211 0.5661993026733398 0.7981777191162109
30000.885627 0.3632349967956543 0.4426102638244629 0.5388531684875488 0.5719799995422363 0.8056826591491699
30303.858794 0.3667459487915039 0.4469141960144043 0.5440306663513184 0.5774092674255371 0.8122906684875488
30600.863372 0.37109804153442383 0.4520759582519531 0.5502152442932129 0.5836701393127441 0.8199019432067871
30903.235619999996 0.3745541572570801 0.45617151260375977 0.5551929473876953 0.5886478424072266 0.8265504837036133
31200.224522999997 0.37856006622314453 0.4608888626098633 0.5607762336730957 0.5942845344543457 0.8336596488952637
31500.344601999997 0.3817906379699707 0.4647092819213867 0.5652828216552734 0.5988483428955078 0.8397760391235352
31801.202209 0.38589000701904297 0.46969079971313477 0.5711002349853516 0.6047649383544922 0.8472146987915039
32100.191109 0.38948917388916016 0.4741997718811035 0.5766940116882324 0.6111712455749512 0.8557534217834473
32401.179942 0.39345645904541016 0.478971004486084 0.5822963714599609 0.6169528961181641 0.8632631301879883
32700.986951999996 0.39709949493408203 0.4834747314453125 0.5876584053039551 0.6224675178527832 0.8712573051452637
33000.975826999995 0.40109777450561523 0.48819732666015625 0.5931658744812012 0.6280970573425293 0.878481388092041
33300.964690999994 0.4042348861694336 0.491945743560791 0.5977139472961426 0.6326680183410645 0.8843913078308105
33600.953539999995 0.40820932388305664 0.4967374801635742 0.6032600402832031 0.63836669921875 0.8917036056518555
33900.942486 0.4117450714111328 0.5010943412780762 0.6085786819458008 0.643895149230957 0.8989486694335938
34200.197287999996 0.41587066650390625 0.5060305595397949 0.6144781112670898 0.6498632431030273 0.9070835113525391
34500.167629999996 0.4191770553588867 0.5101222991943359 0.6195230484008789 0.6550302505493164 0.9148330688476562
34800.156501 0.42308950424194336 0.5147743225097656 0.6249337196350098 0.6604790687561035 0.9220595359802246
35100.14535199999 0.4261636734008789 0.5185589790344238 0.6295151710510254 0.6652054786682129 0.9286360740661621
35400.134274 0.43037939071655273 0.5237059593200684 0.635645866394043 0.671442985534668 0.9370803833007812
35700.811033 0.43384838104248047 0.5281219482421875 0.641077995300293 0.6774015426635742 0.9459075927734375
36000.11193099999 0.43789100646972656 0.5330038070678711 0.6469435691833496 0.6833510398864746 0.954805850982666
36300.76027499999 0.44133567810058594 0.53729248046875 0.6522278785705566 0.688845157623291 0.9635272026062012
36600.39196899999 0.4452056884765625 0.541935920715332 0.6577186584472656 0.6944122314453125 0.9714937210083008
36900.73800899999 0.4481978416442871 0.545647144317627 0.6622347831726074 0.6990656852722168 0.9788365364074707
37200.50781899999 0.45208311080932617 0.5504417419433594 0.6679472923278809 0.7048773765563965 0.9873719215393066
37500.05991799999 0.45549774169921875 0.5547471046447754 0.6732625961303711 0.7104024887084961 0.9955558776855469
37800.70462099999 0.45952558517456055 0.559638500213623 0.6791257858276367 0.7164030075073242 1.0047340393066406
38100.77768899999 0.4627537727355957 0.5636358261108398 0.6841950416564941 0.7215714454650879 1.0125880241394043
38400.76653999999 0.46678781509399414 0.5685930252075195 0.6903433799743652 0.7283415794372559 1.0226616859436035
38700.13043299999 0.4702444076538086 0.5728440284729004 0.6957850456237793 0.7340731620788574 1.032543659210205
39000.11928999999 0.4744243621826172 0.5779967308044434 0.7019643783569336 0.7404055595397949 1.0421299934387207
39300.10816399999 0.4778118133544922 0.5822687149047852 0.7072210311889648 0.7464175224304199 1.0515179634094238
39601.09701599999 0.48161888122558594 0.5869064331054688 0.712834358215332 0.7524237632751465 1.0597405433654785
39900.173620999994 0.4850020408630371 0.5911898612976074 0.7181735038757324 0.7578887939453125 1.0684404373168945
40200.16249799999 0.4886898994445801 0.5956544876098633 0.7235107421875 0.7632451057434082 1.076463222503662
40500.15139999999 0.49153709411621094 0.5991730690002441 0.7279210090637207 0.7678155899047852 1.0829486846923828
40800.14019299999 0.4955143928527832 0.6040315628051758 0.7339091300964355 0.7739639282226562 1.091862678527832
41100.12906899999 0.49876928329467773 0.6081619262695312 0.7389497756958008 0.7792448997497559 1.0994324684143066
41400.11795199999 0.502744197845459 0.6130466461181641 0.7450714111328125 0.7859387397766113 1.1092429161071777
41700.359100999995 0.5060763359069824 0.6170868873596191 0.7504606246948242 0.7918391227722168 1.1175732612609863
42000.34796499999 0.5096917152404785 0.6214523315429688 0.7557601928710938 0.7973675727844238 1.1250243186950684
42300.33684099999 0.5125598907470703 0.6249890327453613 0.7602605819702148 0.8019709587097168 1.1314473152160645
42600.32578099999 0.5164237022399902 0.6297688484191895 0.766136646270752 0.8080019950866699 1.1403393745422363
42900.31474699999 0.5196266174316406 0.6338038444519043 0.7714309692382812 0.8139410018920898 1.1497344970703125
43200.30350599999 0.5233702659606934 0.6382770538330078 0.7770094871520996 0.8197636604309082 1.1583266258239746
43500.31857699999 0.5266928672790527 0.6423697471618652 0.7821025848388672 0.8249979019165039 1.1665973663330078
43800.30746199999 0.5303006172180176 0.6467337608337402 0.7873773574829102 0.830352783203125 1.1741876602172852
44100.29635799999 0.5331897735595703 0.650245189666748 0.7917866706848145 0.8348574638366699 1.181267261505127
44400.28531299999 0.5369720458984375 0.6548576354980469 0.7972722053527832 0.8403964042663574 1.189159870147705
44700.74288999999 0.5410661697387695 0.6601176261901855 0.8040866851806641 0.8479394912719727 1.2007732391357422
45000.731819999986 0.5448107719421387 0.6646151542663574 0.8097004890441895 0.8538088798522949 1.209850788116455
45300.26995699999 0.5477685928344727 0.6681623458862305 0.8141670227050781 0.8584012985229492 1.2171897888183594
45600.25887399999 0.5514383316040039 0.6725521087646484 0.819490909576416 0.8638701438903809 1.2249627113342285
45900.15404999999 0.554326057434082 0.6760244369506836 0.8238825798034668 0.8683304786682129 1.23170804977417
46200.14297999999 0.5582237243652344 0.6808290481567383 0.8297786712646484 0.8745698928833008 1.2408947944641113
46500.13191799999 0.561521053314209 0.6849069595336914 0.8350353240966797 0.8802118301391602 1.250389575958252
46800.12097799999 0.5651760101318359 0.6893172264099121 0.8404426574707031 0.8858633041381836 1.2585511207580566
47100.07796499999 0.5685110092163086 0.6933741569519043 0.8456144332885742 0.8912334442138672 1.2663512229919434
47400.17719999999 0.5720629692077637 0.6976852416992188 0.8508381843566895 0.8964838981628418 1.2742490768432617
47700.062979999995 0.574882984161377 0.701115608215332 0.855165958404541 0.9008841514587402 1.280259132385254
48000.15508999999 0.578880786895752 0.7060527801513672 0.8613533973693848 0.9076399803161621 1.2902274131774902
48300.05662799999 0.5820398330688477 0.7099599838256836 0.8663859367370605 0.912935733795166 1.2984681129455566
48600.13300599999 0.5858478546142578 0.7145247459411621 0.8720455169677734 0.9189538955688477 1.3071832656860352
48900.370903999996 0.5897331237792969 0.7191653251647949 0.8779406547546387 0.9249138832092285 1.3157868385314941
49200.35982 0.5925054550170898 0.7225103378295898 0.8822498321533203 0.9292497634887695 1.3222780227661133
49500.348748 0.596247673034668 0.726984977722168 0.8877301216125488 0.9347567558288574 1.3302721977233887
49800.3377 0.5994243621826172 0.7310786247253418 0.8930816650390625 0.941065788269043 1.3398618698120117
50100.326580999994 0.6033415794372559 0.7358675003051758 0.899169921875 0.9476919174194336 1.350886344909668
50400.315477 0.6062536239624023 0.7394008636474609 0.9037456512451172 0.952427864074707 1.3577585220336914
50700.092297999996 0.610353946685791 0.7444381713867188 0.9098577499389648 0.9587383270263672 1.366689682006836
51000.097292 0.6131939888000488 0.7478318214416504 0.9142098426818848 0.9631857872009277 1.3726210594177246
51300.094063 0.6170377731323242 0.7525553703308105 0.9199957847595215 0.9694638252258301 1.3816266059875488
51600.075042 0.6242380142211914 0.8393216133117676 1.0401878356933594 1.1122970581054688 1.5449566841125488
51900.025486 0.628852367401123 0.851438045501709 1.0560393333435059 1.1299338340759277 1.5671215057373047
52200.014445999994 0.6317768096923828 0.8549718856811523 1.060720443725586 1.1346912384033203 1.5740761756896973
52500.150390999996 0.6356945037841797 0.8598175048828125 1.0667691230773926 1.14091157913208 1.582993507385254
52800.13929399999 0.6385469436645508 0.8634538650512695 1.071526050567627 1.146313190460205 1.5914525985717773
53100.128257 0.6425290107727051 0.8683633804321289 1.0776491165161133 1.152756690979004 1.6000170707702637
53400.117167 0.6457047462463379 0.8723354339599609 1.0831055641174316 1.15871000289917 1.610544204711914
53700.10608899999 0.6495747566223145 0.8771681785583496 1.0891656875610352 1.1653575897216797 1.61967134475708
54001.889795999996 0.6525139808654785 0.8806514739990234 1.093606948852539 1.1700124740600586 1.6272940635681152
54300.59649899999 0.6565256118774414 0.8856897354125977 1.0997810363769531 1.1763544082641602 1.6352267265319824
54600.58543499999 0.6593666076660156 0.8891587257385254 1.1042232513427734 1.1808195114135742 1.6414847373962402
54900.574369999995 0.6632742881774902 0.8939619064331055 1.1102890968322754 1.1874232292175293 1.650777816772461
55200.56333699999 0.6665968894958496 0.8980722427368164 1.1157212257385254 1.1932597160339355 1.6586055755615234
55500.552262 0.6707329750061035 0.9031448364257812 1.122161865234375 1.1999025344848633 1.6673731803894043
55800.520169999996 0.6738247871398926 0.906867504119873 1.1271123886108398 1.2050399780273438 1.6738877296447754
56100.409201999995 0.6778950691223145 0.9119429588317871 1.1335663795471191 1.212165355682373 1.6841678619384766
56400.39808399999 0.6807303428649902 0.9153313636779785 1.1380009651184082 1.2170233726501465 1.6908378601074219
56700.387045999996 0.684542179107666 0.9199886322021484 1.1436452865600586 1.2227706909179688 1.698225498199463
57000.375969999994 0.6875162124633789 0.9236669540405273 1.1485657691955566 1.2282977104187012 1.7060275077819824
57300.364923999994 0.6915383338928223 0.9285426139831543 1.1546244621276855 1.2347302436828613 1.714592456817627
57600.35384599999 0.6943998336791992 0.9319992065429688 1.1590452194213867 1.2392768859863281 1.7209701538085938
57900.15197499999 0.6982283592224121 0.9366574287414551 1.1649441719055176 1.2453246116638184 1.728574275970459
58200.51772699999 0.7012686729431152 0.9403476715087891 1.1696867942810059 1.250612735748291 1.7362656593322754
58500.506692999996 0.7050385475158691 0.9448647499084473 1.1753010749816895 1.256772518157959 1.7442450523376465
58800.495577999995 0.708064079284668 0.9485259056091309 1.1801581382751465 1.2618050575256348 1.7508187294006348
59100.484641999996 0.7119760513305664 0.9532504081726074 1.1860466003417969 1.2678155899047852 1.7579011917114258
59400.473463999995 0.7151060104370117 0.9571719169616699 1.1911988258361816 1.273608684539795 1.7658190727233887
59700.03739099999 0.7190775871276855 0.9618983268737793 1.1970839500427246 1.2799286842346191 1.774397373199463
60000.02628099999 0.7218894958496094 0.9652843475341797 1.201488971710205 1.2845358848571777 1.7803168296813965
60300.015220999994 0.7256350517272949 0.9697966575622559 1.2069945335388184 1.2901673316955566 1.7886872291564941
60600.004224 0.7287282943725586 0.9737882614135742 1.2121615409851074 1.2959370613098145 1.7968106269836426
60900.974523 0.732663631439209 0.9785447120666504 1.218099594116211 1.3022947311401367 1.8057355880737305
61200.98192199999 0.7354998588562012 0.98193359375 1.2224998474121094 1.3067560195922852 1.8118181228637695
61500.94412199999 0.7394027709960938 0.9867172241210938 1.228470802307129 1.312875747680664 1.819559097290039
61800.93301899999 0.7424583435058594 0.9906778335571289 1.2336335182189941 1.3187479972839355 1.827826976776123
62100.92191899999 0.7461452484130859 0.9950933456420898 1.2391114234924316 1.324500560760498 1.8350062370300293
62400.91082399999 0.749114990234375 0.9987950325012207 1.2440271377563477 1.3295040130615234 1.8417110443115234
62700.22326099999 0.7529683113098145 1.0035042762756348 1.2498197555541992 1.3355674743652344 1.849212646484375
63000.888590999995 0.7560300827026367 1.007300853729248 1.2549524307250977 1.341501235961914 1.8583660125732422
63300.235669999995 0.7599658966064453 1.012056827545166 1.2608556747436523 1.3478546142578125 1.8661613464355469
63600.22457499999 0.7628870010375977 1.0155506134033203 1.2654180526733398 1.3526878356933594 1.8718528747558594
63900.213446999995 0.7666225433349609 1.0201115608215332 1.2711272239685059 1.3588738441467285 1.8803696632385254
64200.20232899999 0.7696065902709961 1.0238056182861328 1.275911808013916 1.3644061088562012 1.888862133026123
64500.191202999995 0.7735347747802734 1.028646469116211 1.281759262084961 1.3710203170776367 1.8979673385620117
64800.180093999996 0.776329517364502 1.03200101852417 1.286078929901123 1.3755345344543457 1.903282642364502
65100.637705999994 0.7802047729492188 1.0366578102111816 1.2918105125427246 1.381575107574463 1.9104599952697754
65400.634485999995 0.783226490020752 1.0403385162353516 1.296708583831787 1.3870491981506348 1.918989658355713
65700.623301 0.7869415283203125 1.0447916984558105 1.302187442779541 1.392810344696045 1.9259295463562012
66000.15895299999 0.7900557518005371 1.0485167503356934 1.3070144653320312 1.397751808166504 1.9321374893188477
66300.05799599999 0.7941169738769531 1.0535736083984375 1.3133997917175293 1.4045910835266113 1.9412503242492676
66600.60562 0.7971954345703125 1.057307243347168 1.3181943893432617 1.4100265502929688 1.9480628967285156
66902.823461 0.8011941909790039 1.0620837211608887 1.3242225646972656 1.416337013244629 1.9564790725708008
67200.812441 0.8040180206298828 1.0655417442321777 1.328691005706787 1.4209656715393066 1.962324619293213
67500.80128 0.8078570365905762 1.0703167915344238 1.334526538848877 1.4276556968688965 1.9731230735778809
67800.790147 0.8108854293823242 1.0740723609924316 1.3395285606384277 1.4333405494689941 1.9816536903381348
68101.045882 0.8147311210632324 1.0788211822509766 1.3452835083007812 1.439702033996582 1.989243507385254
68400.767872 0.8175692558288574 1.082284927368164 1.349769115447998 1.4443211555480957 1.9952588081359863
68700.286917 0.8213362693786621 1.086944580078125 1.3554277420043945 1.4502506256103516 2.001859664916992
69000.249694 0.8243484497070312 1.0905790328979492 1.360044002532959 1.455763339996338 2.009268283843994
69300.238499 0.8280835151672363 1.0950284004211426 1.3654699325561523 1.4616012573242188 2.0162887573242188
69600.227321 0.8313450813293457 1.0992860794067383 1.370964527130127 1.4673705101013184 2.0228934288024902
69900.216193 0.8353095054626465 1.1040472984313965 1.3769283294677734 1.4740934371948242 2.032759666442871
70200.20509 0.8382501602172852 1.1075587272644043 1.3814220428466797 1.4789762496948242 2.038729667663574
70500.075096 0.8419122695922852 1.1119627952575684 1.3868980407714844 1.4846124649047852 2.0451364517211914
70800.063957 0.8454680442810059 1.1163263320922852 1.3922796249389648 1.4901161193847656 2.051525115966797
71100.0528 0.8486499786376953 1.1203436851501465 1.3974342346191406 1.4961061477661133 2.059842109680176
71400.041811 0.8523211479187012 1.1247906684875488 1.4031472206115723 1.502307415008545 2.068480968475342
71700.030574 0.8552789688110352 1.128288745880127 1.407583236694336 1.5073728561401367 2.074557304382324
72000.01941000001 0.8589978218078613 1.1328625679016113 1.4131059646606445 1.5133495330810547 2.0815792083740234
72300.565617 0.861259937286377 1.1355547904968262 1.4170923233032227 1.5175037384033203 2.086629867553711
72600.554452 0.8651752471923828 1.1402969360351562 1.4232239723205566 1.5244479179382324 2.0963053703308105
72900.543335 0.8681454658508301 1.1438980102539062 1.427873134613037 1.5292954444885254 2.1021828651428223
73200.532171 0.8719568252563477 1.1484708786010742 1.4336600303649902 1.535292148590088 2.1091599464416504
73500.521036 0.8751130104064941 1.152381420135498 1.4389944076538086 1.5411567687988281 2.1174545288085938
73800.509925 0.8788928985595703 1.1568937301635742 1.444532871246338 1.547095775604248 2.125209331512451
74100.138317 0.8818397521972656 1.1604533195495605 1.4491114616394043 1.551781177520752 2.131248950958252
74400.127207 0.8855128288269043 1.1648530960083008 1.454495906829834 1.5572724342346191 2.138632297515869
74700.116001 0.8887057304382324 1.16888427734375 1.4598503112792969 1.563267707824707 2.147343635559082
75000.104894 0.8925528526306152 1.1736645698547363 1.4659309387207031 1.5701088905334473 2.1572670936584473
75300.09373800001 0.8956036567687988 1.1773414611816406 1.4707436561584473 1.5753450393676758 2.1640748977661133
75600.082754 0.8992323875427246 1.18174409866333 1.476076602935791 1.580857276916504 2.171170234680176
75900.373016 0.9023041725158691 1.185410499572754 1.4808502197265625 1.5858712196350098 2.177687168121338
76200.361836 0.9059491157531738 1.189901351928711 1.4864439964294434 1.5920906066894531 2.1869888305664062
76500.350688 0.9091167449951172 1.1938037872314453 1.491502285003662 1.5974769592285156 2.1941452026367188
76800.339517 0.9129858016967773 1.1985373497009277 1.4973235130310059 1.6035957336425781 2.2017822265625
77100.137093 0.9164509773254395 1.2029457092285156 1.5034728050231934 1.6103706359863281 2.2110252380371094
77400.317308 0.9204239845275879 1.2077665328979492 1.5095901489257812 1.6170144081115723 2.2190499305725098
77700.662739 0.9233598709106445 1.2112350463867188 1.5140953063964844 1.6217103004455566 2.2247262001037598
78000.651597 0.9269623756408691 1.2155179977416992 1.5194196701049805 1.6271452903747559 2.231370449066162
78300.64044 0.9299712181091309 1.2194843292236328 1.5245981216430664 1.632852554321289 2.240449905395508
78600.62924800001 0.933868408203125 1.2243390083312988 1.5307989120483398 1.6397476196289062 2.2500381469726562
78900.618075 0.9367666244506836 1.227872371673584 1.5354151725769043 1.6447033882141113 2.255951404571533
79200.60694000001 0.9405450820922852 1.232417106628418 1.5409979820251465 1.6504120826721191 2.2630867958068848
79500.687829 0.9435939788818359 1.236128330230713 1.5456695556640625 1.6552553176879883 2.2693185806274414
79800.67672900001 0.9473147392272949 1.2407140731811523 1.5514307022094727 1.661600112915039 2.2786388397216797
80100.665466 0.950319766998291 1.2444729804992676 1.5563383102416992 1.6666984558105469 2.2854156494140625
80400.65432500001 0.9541459083557129 1.2491631507873535 1.562108039855957 1.6727046966552734 2.2928104400634766
80700.42128600001 0.9572415351867676 1.2529125213623047 1.5671920776367188 1.6779489517211914 2.299618721008301
81000.63194 0.9611830711364746 1.2577290534973145 1.5733880996704102 1.6847400665283203 2.3086490631103516
81300.77713500001 0.9641275405883789 1.2613039016723633 1.5780916213989258 1.6896724700927734 2.315347671508789
81600.76596100001 0.9678268432617188 1.2657289505004883 1.58349609375 1.6952333450317383 2.3225107192993164
81900.754826 0.9710683822631836 1.2698230743408203 1.5889549255371094 1.7012147903442383 2.330620765686035
82200.394864 0.9750218391418457 1.2748031616210938 1.595083236694336 1.7078847885131836 2.3398847579956055
82500.73242700001 0.9780740737915039 1.2785215377807617 1.5999808311462402 1.7134995460510254 2.3485207557678223
82800.721246 0.9817523956298828 1.2829632759094238 1.6055316925048828 1.7192068099975586 2.3564252853393555
83100.26183500001 0.9847965240478516 1.286635398864746 1.6102681159973145 1.724118709564209 2.3634657859802246
83400.250641 0.9885263442993164 1.2912659645080566 1.6161117553710938 1.730515480041504 2.372502326965332
83700.239459 0.9914469718933105 1.294837474822998 1.6207942962646484 1.7354803085327148 2.379347801208496
84000.22828000001 0.9954619407653809 1.2998013496398926 1.627089500427246 1.741973876953125 2.388103485107422
84300.217157 0.9985432624816895 1.3034272193908691 1.631932258605957 1.7469348907470703 2.3953418731689453
84600.20597000001 1.0025172233581543 1.3083491325378418 1.6383132934570312 1.7537736892700195 2.4048471450805664
84900.138365 1.005528450012207 1.3119502067565918 1.64323091506958 1.7590041160583496 2.4120535850524902
85200.12716100001 1.0092377662658691 1.316317081451416 1.6486611366271973 1.7646327018737793 2.4195590019226074
85500.11599 1.0121917724609375 1.3200039863586426 1.653308391571045 1.769371509552002 2.425785541534424
85800.104854 1.0159873962402344 1.3247003555297852 1.6592402458190918 1.7757344245910645 2.4355359077453613
86100.093737 1.0189728736877441 1.3283195495605469 1.664137840270996 1.7809257507324219 2.4429054260253906
86400.082492 1.0231690406799316 1.3335752487182617 1.6706771850585938 1.7876825332641602 2.4511804580688477
86537.07793700001 1.024561882019043 1.3352198600769043 1.6727986335754395 1.7898612022399902 2.4540114402770996
