300.008753 0.008450508117675781 0.009412765502929688 0.011491775512695312 0.013296127319335938 0.025316238403320312
600.282447 0.016760826110839844 0.019252300262451172 0.023749351501464844 0.027754783630371094 0.052733421325683594
900.1946899999999 0.02856922149658203 0.034094810485839844 0.04237174987792969 0.050635337829589844 0.09386157989501953
1201.2006820000001 0.034824371337890625 0.042120933532714844 0.05249595642089844 0.0632476806640625 0.11349296569824219
1501.222371 0.03895902633666992 0.04769325256347656 0.05940723419189453 0.0714254379272461 0.12595844268798828
1800.087838 0.04384422302246094 0.05392122268676758 0.06758308410644531 0.0811152458190918 0.13938283920288086
2100.234356 0.047728538513183594 0.058598995208740234 0.0737142562866211 0.08835649490356445 0.1509995460510254
2400.24034 0.05197715759277344 0.06388330459594727 0.08088827133178711 0.09751176834106445 0.16458368301391602
2701.2780359999997 0.055586814880371094 0.07230424880981445 0.09206724166870117 0.11138391494750977 0.1830310821533203
3000.1586310000002 0.05760765075683594 0.07498550415039062 0.09593057632446289 0.11584234237670898 0.19036579132080078
3300.211503 0.05936765670776367 0.07792949676513672 0.10049009323120117 0.12123346328735352 0.1986217498779297
3601.889971 0.060929298400878906 0.08005189895629883 0.10380220413208008 0.1251997947692871 0.20529651641845703
3900.3331390000003 0.062317848205566406 0.08198213577270508 0.10672807693481445 0.12843084335327148 0.21117496490478516
4200.3235190000005 0.06456995010375977 0.08526849746704102 0.11196422576904297 0.1349649429321289 0.22064638137817383
4500.5040930000005 0.06682348251342773 0.08818721771240234 0.11679983139038086 0.14119672775268555 0.2301168441772461
4800.72619 0.06861209869384766 0.09051752090454102 0.12041521072387695 0.14580392837524414 0.2375507354736328
5100.732226 0.07120084762573242 0.09401369094848633 0.12567472457885742 0.15313196182250977 0.24816322326660156
5400.050719000001 0.07352447509765625 0.09715938568115234 0.1306014060974121 0.1597442626953125 0.25748395919799805
5702.52555 0.07518815994262695 0.09932661056518555 0.1339559555053711 0.16404199600219727 0.26471567153930664
6000.500253 0.09113693237304688 0.11802959442138672 0.1550436019897461 0.18649911880493164 0.29303932189941406
6300.506265 0.11792135238647461 0.14911699295043945 0.1885685920715332 0.22138071060180664 0.33277320861816406
6600.546285 0.12949085235595703 0.16220712661743164 0.20333290100097656 0.23772430419921875 0.3535914421081543
6900.549533 0.14097213745117188 0.17597723007202148 0.21919679641723633 0.2554054260253906 0.3755946159362793
7200.058814 0.16074132919311523 0.20203685760498047 0.25978946685791016 0.3143916130065918 0.7014021873474121
7500.110788 0.1872854232788086 0.23379135131835938 0.3025078773498535 0.37415552139282227 0.999852180480957
7800.116803999999 0.19272994995117188 0.24154090881347656 0.31951475143432617 0.4068922996520996 1.2398085594177246
8100.00068 0.20128345489501953 0.2524113655090332 0.33687686920166016 0.4352846145629883 1.4315433502197266
8400.065625 0.20633316040039062 0.2590823173522949 0.3483872413635254 0.4527721405029297 1.5293641090393066
8700.006387 0.23761320114135742 0.306673526763916 0.4351625442504883 0.5716729164123535 1.9007959365844727
9000.015734 0.272092342376709 0.35611391067504883 0.523139476776123 0.6944913864135742 2.293870449066162
9300.073903 0.29371213912963867 0.38605165481567383 0.5763063430786133 0.7702460289001465 2.6693077087402344
9600.009526 0.3136425018310547 0.415496826171875 0.6302556991577148 0.8460121154785156 3.013883113861084
9900.018355 0.3635592460632324 0.48517704010009766 0.7325387001037598 0.9744677543640137 3.38417911529541
10200.003279 0.38880205154418945 0.5205717086791992 0.7943487167358398 1.06156587600708 3.710994243621826
10500.008848 0.4116640090942383 0.5516862869262695 0.8489818572998047 1.1356511116027832 3.975846767425537
10800.00098 0.43537139892578125 0.587303638458252 0.9219250679016113 1.2397327423095703 4.414432525634766
11100.002101 0.45408058166503906 0.6117334365844727 0.963648796081543 1.2951664924621582 4.710148811340332
11400.099795 0.46985340118408203 0.6319665908813477 0.9978156089782715 1.3429937362670898 4.974368572235107
11700.193978000001 0.4903287887573242 0.6610841751098633 1.0505566596984863 1.4170889854431152 5.252231597900391
12000.036139 0.5045113563537598 0.6800069808959961 1.0838308334350586 1.4627227783203125 5.495732307434082
12300.016253 0.5206489562988281 0.7024984359741211 1.1233816146850586 1.52040433883667 5.75083065032959
12600.056120000001 0.5407981872558594 0.7306857109069824 1.1726603507995605 1.592996597290039 6.054493427276611
12900.023269000001 0.5591211318969727 0.7568645477294922 1.219435691833496 1.659193992614746 6.328422546386719
13200.223931 0.5796780586242676 0.7853174209594727 1.2677898406982422 1.7249689102172852 6.643783092498779
13500.092031 0.6030130386352539 0.8173031806945801 1.3230209350585938 1.802168846130371 6.979862689971924
13800.284285 0.620328426361084 0.8424596786499023 1.3711929321289062 1.8732829093933105 7.26873779296875
14100.001646 0.6411795616149902 0.8751358985900879 1.4326286315917969 1.963386058807373 7.568100929260254
14400.064523000001 0.6595287322998047 0.9022002220153809 1.4856843948364258 2.0433101654052734 7.858406066894531
14700.001227 0.6827311515808105 0.9382872581481934 1.5533604621887207 2.1435751914978027 8.214292049407959
15000.090861 0.7057557106018066 0.9729156494140625 1.618821620941162 2.2438488006591797 8.551682472229004
15300.242554 0.729179859161377 1.0066132545471191 1.6805624961853027 2.3318076133728027 8.895836353302002
15600.280303000001 0.7550144195556641 1.0430450439453125 1.7453851699829102 2.4243154525756836 9.212364196777344
15900.084383000001 0.7758955955505371 1.0732312202453613 1.7992334365844727 2.50130033493042 9.49542236328125
16200.292282 0.7967944145202637 1.1028976440429688 1.8539376258850098 2.583573341369629 9.820173263549805
16500.000281 0.8146200180053711 1.1290826797485352 1.9038691520690918 2.6549386978149414 10.122036933898926
16800.007275 0.837806224822998 1.1601686477661133 1.9599933624267578 2.733982563018799 10.365518569946289
17100.022582 0.8576555252075195 1.1878681182861328 2.011436939239502 2.814556121826172 10.687907695770264
17400.120109 0.8771610260009766 1.215857982635498 2.068495750427246 2.9176721572875977 11.040935039520264
17700.143357 0.9006361961364746 1.2483558654785156 2.126430034637451 3.015000820159912 11.331535339355469
18000.002149 0.924191951751709 1.2828102111816406 2.1870250701904297 3.099210262298584 11.590134143829346
18300.007027000003 0.9436497688293457 1.3107247352600098 2.235258102416992 3.1688551902770996 11.901880741119385
18600.171021000002 0.962003231048584 1.337170124053955 2.2831854820251465 3.2337775230407715 12.17018985748291
18900.015826000003 0.9925212860107422 1.3804607391357422 2.3622727394104004 3.342005729675293 12.567426204681396
19200.002057 1.0265202522277832 1.4278807640075684 2.4463486671447754 3.454983711242676 12.945553302764893
19500.004343 1.0628461837768555 1.4809794425964355 2.5464324951171875 3.59877347946167 13.579122066497803
19800.002257 1.0971317291259766 1.5327019691467285 2.6423721313476562 3.7370858192443848 14.216641902923584
20100.102089 1.1462178230285645 1.6026506423950195 2.7694101333618164 3.916759967803955 15.043739795684814
20400.030221 1.1800847053527832 1.6494569778442383 2.8405752182006836 4.011926651000977 15.344824314117432
20700.014860000003 1.2120418548583984 1.6937956809997559 2.916240692138672 4.118405342102051 15.72334623336792
21000.000987000003 1.2970523834228516 1.7992215156555176 3.0570712089538574 4.28285551071167 16.121195316314697
21300.018580000004 1.3799195289611816 1.9019341468811035 3.190181255340576 4.435853958129883 16.5320143699646
21600.007100000003 1.4814229011535645 2.0274085998535156 3.355739116668701 4.6280717849731445 17.08956480026245
21900.003934000004 1.54388427734375 2.104461193084717 3.461080551147461 4.763044357299805 17.39301633834839
22200.066875000004 1.567676067352295 2.13693904876709 3.5171852111816406 4.8424882888793945 17.808279037475586
22500.076553000003 1.6018824577331543 2.180772304534912 3.5967888832092285 4.957485675811768 18.505599975585938
22800.002434 1.6343579292297363 2.2218499183654785 3.6596202850341797 5.034226894378662 18.884960651397705
23100.008463000002 1.6621136665344238 2.258462429046631 3.7202792167663574 5.113943099975586 19.133899688720703
23400.152466000003 1.6966547966003418 2.310666084289551 3.8171606063842773 5.247928142547607 19.501471519470215
23700.068331000002 1.729593276977539 2.3540611267089844 3.8973498344421387 5.358098030090332 19.75388765335083
24000.163880000004 1.7638068199157715 2.4074201583862305 3.998875141143799 5.497717380523682 20.130889892578125
24300.002572000005 1.7946887016296387 2.459440231323242 4.106620788574219 5.65949821472168 20.85251235961914
24600.031516000003 1.83082914352417 2.5128164291381836 4.20408296585083 5.79821252822876 21.60338830947876
24900.000032000004 1.8720569610595703 2.565770149230957 4.295362949371338 5.920955181121826 22.111172199249268
25200.003676000004 1.9020795822143555 2.607672691345215 4.366665840148926 6.007555961608887 22.334243297576904
25500.079262000003 1.964651107788086 2.6847877502441406 4.466212749481201 6.125790119171143 22.818607330322266
25800.000340000002 2.0355095863342285 2.776031017303467 4.59193229675293 6.278690338134766 23.389892578125
26100.006967 2.1320319175720215 2.8966760635375977 4.748098373413086 6.459596157073975 24.032190322875977
26400.011806000002 2.2172489166259766 3.0057144165039062 4.892938613891602 6.640441417694092 24.599132537841797
26700.004181000004 2.299711227416992 3.103400230407715 5.013823986053467 6.772233009338379 24.83311176300049
27000.006556 2.3899407386779785 3.20867919921875 5.144428253173828 6.928346157073975 25.327710151672363
27300.267311000003 2.448000907897949 3.2786412239074707 5.226744174957275 7.022688865661621 25.542510509490967
27600.273245000004 2.495295524597168 3.3432188034057617 5.310649394989014 7.117093563079834 25.649141311645508
27900.007811000003 2.5331826210021973 3.3896450996398926 5.361013889312744 7.169589996337891 25.709274768829346
28200.285185 2.620086669921875 3.493490695953369 5.471565246582031 7.282655239105225 25.82918357849121
28500.000698000003 2.704847812652588 3.5925683975219727 5.576146125793457 7.390127658843994 25.945792198181152
28800.641475000004 2.7436251640319824 3.6374568939208984 5.623986721038818 7.440248489379883 26.002596378326416
29100.005922 2.7509708404541016 3.647852897644043 5.644224166870117 7.4692463874816895 26.16699743270874
29400.000166 2.7585692405700684 3.6585726737976074 5.6639838218688965 7.500317096710205 26.42609691619873
29700.013147 2.795778751373291 3.706742286682129 5.725619316101074 7.5733561515808105 26.732052326202393
30000.497903 2.8279943466186523 3.7447304725646973 5.777576446533203 7.639510154724121 27.004240036010742
30300.347649 2.854226589202881 3.778642177581787 5.8193678855896 7.687502861022949 27.102423191070557
30600.588002 2.8590784072875977 3.7850141525268555 5.827921390533447 7.697476863861084 27.117634773254395
30900.002998 2.922584056854248 3.864640712738037 5.917654514312744 7.795083522796631 27.229496955871582
31200.381383 3.0443387031555176 4.024354934692383 6.107158184051514 7.999448299407959 27.45334529876709
31500.016068 3.1555585861206055 4.1574482917785645 6.258233070373535 8.164433479309082 27.6397967338562
31800.000962000002 3.2554821968078613 4.279817581176758 6.395124435424805 8.309893131256104 27.797856330871582
32100.000559 3.349318504333496 4.398008346557617 6.531045913696289 8.455492496490479 27.96008062362671
32400.003473 3.4230408668518066 4.493185520172119 6.648708820343018 8.589104652404785 28.117589473724365
32700.063078 3.4653191566467285 4.555312156677246 6.729065418243408 8.683055877685547 28.230263710021973
33000.006523 3.5089993476867676 4.619582653045654 6.814693450927734 8.784377574920654 28.349934577941895
33300.078253 3.5453991889953613 4.677962779998779 6.898662567138672 8.888133525848389 28.47238254547119
33600.080889 3.5849218368530273 4.737054824829102 6.978693962097168 8.981517791748047 28.58405828475952
33900.086859 3.620959758758545 4.792378902435303 7.0522141456604 9.066665172576904 28.685662269592285
34200.092821 3.6714444160461426 4.858182430267334 7.131660461425781 9.154889106750488 28.791609287261963
34500.098827 3.7151331901550293 4.9097371101379395 7.188723564147949 9.217618942260742 28.874248027801514
34800.019728 3.7508654594421387 4.954654693603516 7.240862846374512 9.274237155914307 28.948673248291016
35100.110711 3.7781600952148438 4.989811897277832 7.282143592834473 9.32069444656372 29.01371955871582
35400.119223 3.797752857208252 5.015152454376221 7.313152313232422 9.35662841796875 29.069249629974365
35700.122786 3.8165345191955566 5.037763595581055 7.339009761810303 9.386106491088867 29.115447521209717
36000.129872 3.833995819091797 5.060229778289795 7.3665452003479 9.417716026306152 29.16404390335083
36300.456036999996 3.8594202995300293 5.091460227966309 7.404138565063477 9.461860179901123 29.225457191467285
36600.462006999995 3.8793225288391113 5.118361473083496 7.440023899078369 9.505860805511475 29.288378715515137
36900.470554 3.894071578979492 5.138719081878662 7.466729164123535 9.537425994873047 29.336583614349365
37200.474553 3.908890724182129 5.15873384475708 7.493093967437744 9.569013118743896 29.380709648132324
37500.479882 3.9233827590942383 5.178952217102051 7.5183515548706055 9.59779167175293 29.423800945281982
37800.48725599999 3.939826488494873 5.204502582550049 7.552453994750977 9.63686466217041 29.476038455963135
38100.493687999995 3.9512648582458496 5.218519687652588 7.569765567779541 9.657962322235107 29.51381778717041
38400.497823 3.958765983581543 5.228198528289795 7.582442760467529 9.673569202423096 29.541822910308838
38700.503807999994 3.972805976867676 5.246762752532959 7.6051764488220215 9.70030164718628 29.582887172698975
39000.510225 3.991894245147705 5.268929958343506 7.630501747131348 9.728939533233643 29.623819828033447
39300.517957 3.9969029426574707 5.275851726531982 7.640608787536621 9.742018222808838 29.648361682891846
39600.05295 4.007400989532471 5.289172649383545 7.6572747230529785 9.761938571929932 29.680450916290283
39902.856728 4.013050079345703 5.29666805267334 7.667062759399414 9.773161888122559 29.698670387268066
40200.050134 4.016501426696777 5.302023410797119 7.675680160522461 9.783411979675293 29.714482307434082
40503.290597 4.018406391143799 5.304332733154297 7.679057598114014 9.786972522735596 29.72277307510376
40800.984696 4.020216941833496 5.306570529937744 7.682328701019287 9.79060983657837 29.730358600616455
41100.00457999999 4.022984981536865 5.31034517288208 7.687388896942139 9.796481132507324 29.742405891418457
41403.199061 4.025071144104004 5.313105583190918 7.6913580894470215 9.800869941711426 29.75146770477295
41700.236230999995 4.027426242828369 5.316349983215332 7.696412086486816 9.807400226593018 29.762339115142822
42000.242169 4.030909061431885 5.320699214935303 7.702153205871582 9.814133167266846 29.772947788238525
42300.295031999995 4.032505989074707 5.322868347167969 7.7053141593933105 9.81784963607788 29.78004026412964
42600.613494 4.034924030303955 5.3259196281433105 7.71013879776001 9.82395601272583 29.789698123931885
42900.61947799999 4.036770820617676 5.32833194732666 7.713687896728516 9.828256607055664 29.796817779541016
43201.12555999999 4.039650917053223 5.332180500030518 7.7198615074157715 9.835381984710693 29.80711555480957
43501.50943 4.041290760040283 5.334453582763672 7.723381996154785 9.840053081512451 29.814495086669922
43801.921612 4.043236255645752 5.3371453285217285 7.727408409118652 9.844954013824463 29.822749137878418
44100.349436 4.044557094573975 5.339046001434326 7.730365753173828 9.848262310028076 29.828948974609375
44402.230482 4.046053409576416 5.341160297393799 7.73362398147583 9.852001190185547 29.83583116531372
44702.861431 4.048121929168701 5.344022274017334 7.738114833831787 9.8574800491333 29.8440260887146
45000.304832 4.049797058105469 5.34633731842041 7.741817951202393 9.861668109893799 29.851052284240723
45300.31087 4.051445960998535 5.348611831665039 7.745619297027588 9.86651611328125 29.8588604927063
45600.473105 4.053287029266357 5.351170539855957 7.749562740325928 9.871207237243652 29.866565227508545
45900.869633 4.055171012878418 5.353855609893799 7.753771781921387 9.87649917602539 29.87486696243286
46200.329103 4.057456016540527 5.356834888458252 7.758276462554932 9.882339000701904 29.884353637695312
46500.006631 4.059232711791992 5.359232425689697 7.761636257171631 9.886457920074463 29.89213466644287
46800.340729999996 4.060766220092773 5.361299991607666 7.764836311340332 9.890050888061523 29.89854669570923
47100.400601 4.063385963439941 5.364766597747803 7.76947021484375 9.895485877990723 29.907655239105225
47400.04732 4.065277576446533 5.367360591888428 7.773312091827393 9.899854183197021 29.91530418395996
47700.287601 4.066702365875244 5.369288921356201 7.776430606842041 9.903270244598389 29.921619415283203
48000.840572 4.068021774291992 5.371081352233887 7.77918004989624 9.906313419342041 29.927870750427246
48302.127738 4.070403575897217 5.3744730949401855 7.784470081329346 9.913166046142578 29.937546253204346
48600.087231 4.072261810302734 5.377363204956055 7.78889799118042 9.918224334716797 29.94542360305786
48901.09279 4.073981285095215 5.3797736167907715 7.792719841003418 9.922816753387451 29.952835083007812
49200.099177 4.076480865478516 5.383139610290527 7.797447204589844 9.928150653839111 29.961583137512207
49500.324411 4.078277111053467 5.3856377601623535 7.8011088371276855 9.932570934295654 29.969078063964844
49800.033116 4.080408573150635 5.3885931968688965 7.805949687957764 9.938636302947998 29.97809410095215
50102.819993 4.082309722900391 5.391238212585449 7.810299873352051 9.94382619857788 29.986270904541016
50404.701036 4.084451675415039 5.3940815925598145 7.814794540405273 9.949305057525635 29.995488166809082
50703.934227 4.086424827575684 5.396657466888428 7.818870544433594 9.954071521759033 30.004298210144043
51000.549933999995 4.088932514190674 5.400078773498535 7.823901176452637 9.959861278533936 30.013216018676758
51300.321248 4.095412254333496 5.407802104949951 7.833043575286865 9.969981670379639 30.027090072631836
51600.233416999996 4.103981018066406 5.420106410980225 7.849893569946289 9.990372657775879 30.055232524871826
51900.239367999995 4.10919713973999 5.427531719207764 7.860081672668457 10.003771305084229 30.074467658996582
52200.245354 4.1241278648376465 5.44963264465332 7.889449119567871 10.037972927093506 30.115341186523438
52500.251846 4.1454620361328125 5.483028888702393 7.935193061828613 10.091749668121338 30.177624702453613
52800.001466999995 4.1754913330078125 5.5330281257629395 8.005821704864502 10.176546096801758 30.275200366973877
53100.263933999995 4.201966285705566 5.572892665863037 8.061028957366943 10.242918968200684 30.356088161468506
53400.269334 4.234675884246826 5.616077423095703 8.113769054412842 10.303051948547363 30.43171262741089
53700.27533 4.278066635131836 5.674128532409668 8.184065341949463 10.381832122802734 30.523329257965088
54000.00688 4.302215099334717 5.710377216339111 8.234433650970459 10.441547393798828 30.597219944000244
54300.615336 4.3363237380981445 5.75847053527832 8.292991638183594 10.507830142974854 30.680920600891113
54600.002979 4.373380184173584 5.809678077697754 8.358232975006104 10.584359169006348 30.778449535369873
54900.156151 4.425428867340088 5.880629539489746 8.452983856201172 10.69863748550415 30.92379093170166
55200.002303 4.466599941253662 5.941626071929932 8.533682823181152 10.794591426849365 31.044841766357422
55500.917548 4.505105495452881 5.995055675506592 8.59924602508545 10.869222164154053 31.13977813720703
55800.005619 4.550090789794922 6.0617475509643555 8.686033248901367 10.969746112823486 31.26457118988037
56100.009781 4.577019214630127 6.101233959197998 8.739256381988525 11.035298347473145 31.353267192840576
56400.00136 4.595141887664795 6.126083850860596 8.769759178161621 11.07084035873413 31.403499603271484
56700.000637 4.641237735748291 6.179645538330078 8.827051639556885 11.132134437561035 31.482215404510498
57000.002626 4.729698181152344 6.285508632659912 8.943486213684082 11.253928661346436 31.621591567993164
57300.00355 4.785874843597412 6.356640815734863 9.028038024902344 11.34826946258545 31.73248052597046
57600.006719 4.833660125732422 6.418857574462891 9.10305404663086 11.43397331237793 31.837952136993408
57900.12105 4.899015426635742 6.49428129196167 9.183806896209717 11.519689083099365 31.939918518066406
58200.126328 4.9445061683654785 6.550328731536865 9.247090339660645 11.58893871307373 32.02816915512085
58500.069882 4.975103855133057 6.590882778167725 9.296082496643066 11.64307451248169 32.097121238708496
58800.13874 4.985279083251953 6.604823589324951 9.313723087310791 11.664186477661133 32.128124713897705
59100.145486 4.993704319000244 6.615998268127441 9.327682495117188 11.68132734298706 32.15509605407715
59400.166057 5.001733779907227 6.627140522003174 9.3419828414917 11.698410987854004 32.18399381637573
59700.173262000004 5.008666038513184 6.636132717132568 9.353076934814453 11.712118148803711 32.21073579788208
60000.003919 5.015810489654541 6.645717144012451 9.365724086761475 11.727986335754395 32.239646434783936
60300.184303 5.022810459136963 6.655956268310547 9.379209518432617 11.74422311782837 32.26526355743408
60600.190890000005 5.0367889404296875 6.676138877868652 9.406063079833984 11.776615619659424 32.307326316833496
60900.196192 5.0488786697387695 6.6939167976379395 9.432494640350342 11.811992645263672 32.3548150062561
61200.202238 5.066659450531006 6.720699787139893 9.472472190856934 11.863837718963623 32.41916847229004
61500.53005 5.08752965927124 6.7528462409973145 9.515440940856934 11.912515640258789 32.47946214675903
61800.285999 5.113664627075195 6.790261745452881 9.56177282333374 11.96399450302124 32.54345512390137
62100.292067999995 5.125894069671631 6.80856466293335 9.58824634552002 11.997246742248535 32.5869574546814
62400.298138 5.135940074920654 6.823269844055176 9.609471321105957 12.024299621582031 32.62270402908325
62700.276007 5.147119998931885 6.839836120605469 9.63241195678711 12.05350637435913 32.66363716125488
63000.091377 5.155341625213623 6.850032806396484 9.647748947143555 12.073987007141113 32.71280241012573
63300.030017 5.191883563995361 6.898629665374756 9.73408555984497 12.202549934387207 33.657071590423584
63600.000113999995 5.211268901824951 6.924008846282959 9.781581401824951 12.278531551361084 34.36541271209717
63900.109491999996 5.235353469848633 6.95496940612793 9.839106559753418 12.363338470458984 35.06014108657837
64200.116421 5.251504898071289 6.975327491760254 9.878083229064941 12.42688274383545 35.78416347503662
64500.008296 5.265386581420898 6.992380142211914 9.908196926116943 12.475768566131592 36.34213972091675
64800.005169 5.29134464263916 7.023955345153809 9.955198287963867 12.54352331161499 36.919641971588135
65100.001962 5.362823009490967 7.105343818664551 10.05740213394165 12.66902208328247 37.5764422416687
65400.000331 5.4207634925842285 7.1770148277282715 10.16393232345581 12.806421756744385 38.25563907623291
65700.000858 5.476464748382568 7.252191066741943 10.282129287719727 12.964895248413086 38.999958992004395
66000.006376 5.548857688903809 7.346667766571045 10.42715072631836 13.152031421661377 39.68417739868164
66300.003907 5.62612771987915 7.443169116973877 10.554637908935547 13.300559520721436 40.030627727508545
66600.005275 5.6965413093566895 7.529141426086426 10.659178733825684 13.416785717010498 40.20777654647827
66900.001343 5.745072364807129 7.590637683868408 10.735006332397461 13.502647399902344 40.31683015823364
67200.914364 5.781732559204102 7.638017177581787 10.796204566955566 13.572434902191162 40.41286039352417
67500.076566 5.793728828430176 7.653609275817871 10.818635940551758 13.600879669189453 40.45577001571655
67800.08267 5.80756139755249 7.670482635498047 10.84184741973877 13.629807949066162 40.50268840789795
68100.092694 5.820984840393066 7.687285423278809 10.863127708435059 13.656633377075195 40.545650005340576
68400.094645 5.830371379852295 7.699655055999756 10.879300117492676 13.677413940429688 40.58368444442749
68700.073812 5.839296340942383 7.71128511428833 10.894842147827148 13.698105812072754 40.61678171157837
69000.00827399999 5.854819297790527 7.731725215911865 10.923380851745605 13.735581398010254 40.76537895202637
69300.429655 5.864574432373047 7.744169235229492 10.941353797912598 13.757236957550049 40.850969314575195
69601.15439899999 5.86917781829834 7.749980926513672 10.950110912322998 13.768850326538086 40.88680839538574
69900.801743 5.8744940757751465 7.7572550773620605 10.960505962371826 13.782423496246338 40.92369222640991
70202.122437 5.87867546081543 7.762674331665039 10.968014240264893 13.791713237762451 40.93940591812134
70500.547458 5.884466171264648 7.77008056640625 10.977489471435547 13.80417537689209 40.965017318725586
70801.818974 5.888490200042725 7.775400638580322 10.984655380249023 13.812842845916748 40.982107639312744
71101.184362 5.89247465133667 7.78013277053833 10.990669250488281 13.81981611251831 40.99476480484009
71400.518422 5.900447368621826 7.790152072906494 11.00529146194458 13.837090969085693 41.04510831832886
71700.056332 5.941956520080566 7.843459129333496 11.092077732086182 13.95084810256958 41.60069274902344
72000.091482 5.977939128875732 7.889437675476074 11.16701602935791 14.04619836807251 42.0051908493042
72300.776516 6.008278846740723 7.929847717285156 11.227939128875732 14.124494075775146 42.40219449996948
72600.782523 6.079713344573975 8.019023895263672 11.32925796508789 14.23235034942627 42.52194881439209
72900.00895399999 6.146538257598877 8.103317260742188 11.428361892700195 14.337706089019775 42.64939308166504
73200.04530499999 6.224461555480957 8.201177597045898 11.542361736297607 14.461162567138672 42.78757429122925
73500.17554699999 6.309488773345947 8.302631378173828 11.65193796157837 14.574217796325684 42.91055154800415
73800.000573 6.391143321990967 8.396755695343018 11.753149032592773 14.678640842437744 43.0255446434021
74100.003096 6.469013214111328 8.4842529296875 11.845320224761963 14.77336311340332 43.14043378829956
74400.427908 6.508555889129639 8.530004501342773 11.895488739013672 14.826755046844482 43.20353412628174
74700.43389399999 6.520273685455322 8.546284675598145 11.916451454162598 14.850391864776611 43.23369789123535
75000.11177799999 6.541913032531738 8.572757244110107 11.949087619781494 14.886103630065918 43.28571176528931
75300.11778599999 6.548072338104248 8.58031177520752 11.95846939086914 14.896592140197754 43.30084276199341
75602.12387099999 6.551664352416992 8.585052490234375 11.965747833251953 14.905498504638672 43.31393766403198
75900.22132799999 6.555678367614746 8.590096473693848 11.971951484680176 14.912724494934082 43.326855182647705
76200.481328 6.563494682312012 8.599820613861084 11.984975337982178 14.928192138671875 43.36638832092285
76500.046985 6.5713090896606445 8.609481811523438 11.99721908569336 14.942091464996338 43.38817262649536
76800.49321499998 6.5810770988464355 8.621672630310059 12.01237154006958 14.9602952003479 43.416096210479736
77100.57351599999 6.591278553009033 8.634565830230713 12.028961181640625 14.979925632476807 43.4456524848938
77400.61084599998 6.620016574859619 8.669904232025146 12.071836471557617 15.026372909545898 43.51258039474487
77700.510061 6.625966548919678 8.677723407745361 12.08189868927002 15.037850379943848 43.52919626235962
78000.27900299999 6.630938529968262 8.684140682220459 12.091025829315186 15.048959732055664 43.546340465545654
78300.52217199998 6.634845733642578 8.689932346343994 12.09916353225708 15.058005332946777 43.56150484085083
78600.93151599998 6.642155170440674 8.699522972106934 12.1118745803833 15.073269367218018 43.58481788635254
78900.60934399998 6.654428005218506 8.715339660644531 12.134068489074707 15.099217414855957 43.6292462348938
79200.61534499998 6.662640571594238 8.726094722747803 12.148873805999756 15.117929458618164 43.65758657455444
79500.155938 6.6693620681762695 8.734607696533203 12.160977840423584 15.132565021514893 43.67893838882446
79800.00851799999 6.674365997314453 8.741184711456299 12.169754981994629 15.14262866973877 43.69466495513916
80100.011153 6.681133270263672 8.749802589416504 12.182100296020508 15.15674114227295 43.71635675430298
80400.017092 6.685255527496338 8.754971981048584 12.189526557922363 15.164968013763428 43.73016834259033
80700.038741 6.691132068634033 8.762525081634521 12.199856281280518 15.176851272583008 43.74998378753662
81000.00741399999 6.734129905700684 8.816508769989014 12.26320219039917 15.245559215545654 43.83092164993286
81300.050699 6.76692008972168 8.861901760101318 12.32190227508545 15.31221055984497 43.91143083572388
81600.400629 6.772470474243164 8.868908882141113 12.332729816436768 15.32556438446045 43.93003463745117
81900.00012999999 6.841742992401123 8.956680297851562 12.445547580718994 15.454994678497314 44.21733331680298
82200.007485 6.9099440574646 9.04575252532959 12.566421031951904 15.595900058746338 44.61714029312134
82500.092091 6.973639488220215 9.126039505004883 12.666923999786377 15.705355644226074 44.8437442779541
82800.004955 7.007800579071045 9.170732498168945 12.732412338256836 15.784644603729248 45.122793674468994
83100.00054 7.016168594360352 9.18208122253418 12.751654148101807 15.814347267150879 45.31293201446533
83400.00113399999 7.038818836212158 9.212413787841797 12.79265022277832 15.868813037872314 45.60137891769409
83700.06718099999 7.0613203048706055 9.24889326095581 12.847867965698242 15.93420124053955 45.715956687927246
84000.029952 7.102418899536133 9.306245803833008 12.925341606140137 16.025588512420654 45.87562417984009
84300.002526 7.176814079284668 9.405205726623535 13.040953159332275 16.148295402526855 46.01169395446777
84600.041927 7.273826599121094 9.530991554260254 13.18877649307251 16.307394981384277 46.182878494262695
84900.048065 7.374927997589111 9.661534786224365 13.337751865386963 16.46497631072998 46.35446739196777
85200.05402099999 7.468775749206543 9.77067232131958 13.455060482025146 16.590813159942627 46.49928617477417
85500.006035 7.563173770904541 9.881969451904297 13.581020832061768 16.731894969940186 46.66995859146118
85800.06602999999 7.612647533416748 9.93919563293457 13.644285678863525 16.801621913909912 46.76977205276489
86100.07190499999 7.632279396057129 9.963655948638916 13.67409372329712 16.836175441741943 46.825993061065674
86400.078625 7.6457672119140625 9.979106903076172 13.691736221313477 16.855398178100586 46.86270999908447
86604.082083 7.654733180999756 9.988928318023682 13.70328950881958 16.86780071258545 46.88540458679199
