300 0.0
600 0.0
900 0.0
1200 0.0
1500 0.0
1800 0.0
2100 0.0
2400 1.0
2700 1.0
3000 1.0
3300 1.0
3600 1.0
3900 1.0
4200 3.0
4500 3.0
4800 3.0
5100 3.0
5400 4.0
5700 4.0
6000 4.0
6300 4.0
6600 5.0
6900 5.0
7200 5.0
7500 5.0
7800 5.0
8100 5.0
8400 5.0
8700 5.0
9000 5.0
9300 5.0
9600 5.0
9900 5.0
10200 5.0
10500 5.0
10800 5.0
11100 5.0
11400 5.0
11700 5.0
12000 5.0
12300 5.0
12600 5.0
12900 5.0
13200 6.0
13500 6.0
13800 6.0
14100 6.0
14400 6.0
14700 6.0
15000 6.0
15300 6.0
15600 6.0
15900 6.0
16200 6.0
16500 6.0
16800 6.0
17100 6.0
17400 6.0
17700 6.0
18000 6.0
18300 6.0
18600 6.0
18900 6.0
19200 6.0
19500 6.0
19800 6.0
20100 6.0
20400 6.0
20700 6.0
21000 6.0
21300 6.0
21600 6.0
21900 6.0
22200 6.0
22500 6.0
22800 6.0
23100 6.0
23400 6.0
23700 6.0
24000 6.0
24300 6.0
24600 6.0
24900 6.0
25200 6.0
25500 6.0
25800 6.0
26100 6.0
26400 6.0
26700 6.0
27000 6.0
27300 7.0
27600 7.0
27900 7.0
28200 7.0
28500 7.0
28800 7.0
29100 7.0
29400 7.0
29700 7.0
30000 7.0
30300 7.0
30600 7.0
30900 7.0
31200 7.0
31500 8.0
31800 8.0
32100 8.0
32400 8.0
32700 8.0
33000 8.0
33300 8.0
33600 8.0
33900 8.0
34200 8.0
34500 8.0
34800 8.0
35100 8.0
35400 8.0
35700 8.0
36000 8.0
36300 8.0
36600 8.0
36900 9.0
37200 9.0
37500 9.0
37800 9.0
38100 9.0
38400 9.0
38700 9.0
39000 9.0
39300 9.0
39600 10.0
39900 10.0
40200 10.0
40500 10.0
40800 10.0
41100 10.0
41400 10.0
41700 10.0
42000 10.0
42300 10.0
42600 10.0
42900 10.0
43200 10.0
43500 11.0
43800 11.0
44100 11.0
44400 12.0
44700 12.0
45000 12.0
45300 12.0
45600 13.0
45900 13.0
46200 13.0
46500 13.0
46800 13.0
47100 13.0
47400 13.0
47700 13.0
48000 13.0
48300 13.0
48600 13.0
48900 13.0
49200 14.0
49500 14.0
49800 14.0
50100 14.0
50400 14.0
50700 14.0
51000 14.0
51300 14.0
51600 14.0
51900 14.0
52200 14.0
52500 15.0
52800 15.0
53100 15.0
53400 16.0
53700 16.0
54000 17.0
54300 17.0
54600 17.0
54900 17.0
55200 17.0
55500 17.0
55800 18.0
56100 19.0
56400 19.0
56700 19.0
57000 19.0
57300 19.0
57600 21.0
57900 22.0
58200 22.0
58500 22.0
58800 22.0
59100 22.0
59400 22.0
59700 22.0
60000 22.0
60300 22.0
60600 22.0
60900 22.0
61200 22.0
61500 22.0
61800 22.0
62100 22.0
62400 22.0
62700 22.0
63000 22.0
63300 22.0
63600 22.0
63900 22.0
64200 22.0
64500 22.0
64800 23.0
65100 23.0
65400 23.0
65700 23.0
66000 23.0
66300 23.0
66600 23.0
66900 23.0
67200 23.0
67500 24.0
67800 25.0
68100 25.0
68400 25.0
68700 25.0
69000 25.0
69300 25.0
69600 25.0
69900 25.0
70200 26.0
70500 26.0
70800 26.0
71100 26.0
71400 27.0
71700 27.0
72000 27.0
72300 28.0
72600 28.0
72900 29.0
73200 29.0
73500 29.0
73800 30.0
74100 30.0
74400 30.0
74700 30.0
75000 30.0
75300 30.0
75600 30.0
75900 30.0
76200 30.0
76500 30.0
76800 31.0
77100 32.0
77400 32.0
77700 32.0
78000 32.0
78300 32.0
78600 32.0
78900 33.0
79200 34.0
79500 41.0
79800 45.0
80100 48.0
80400 48.0
80700 49.0
81000 49.0
81300 49.0
81600 50.0
81900 50.0
82200 52.0
82500 52.0
82800 53.0
83100 53.0
83400 53.0
83700 54.0
84000 54.0
84300 55.0
84600 56.0
84900 57.0
85200 59.0
85500 60.0
85800 60.0
86100 61.0
86400 61.0
86700 61.0
