300 0.0
600 0.0
900 0.0
1200 0.0
1500 0.0
1800 0.0
2100 0.0
2400 0.0
2700 0.0
3000 0.0
3300 0.0
3600 1.0
3900 1.0
4200 1.0
4500 1.0
4800 3.0
5100 10.0
5400 17.0
5700 19.0
6000 22.0
6300 22.0
6600 22.0
6900 22.0
7200 23.0
7500 23.0
7800 24.0
8100 24.0
8400 24.0
8700 24.0
9000 24.0
9300 26.0
9600 26.0
9900 28.0
10200 32.0
10500 36.0
10800 37.0
11100 41.0
11400 47.0
11700 48.0
12000 49.0
12300 50.0
12600 50.0
12900 50.0
13200 53.0
13500 53.0
13800 53.0
14100 54.0
14400 56.0
14700 57.0
15000 60.0
15300 61.0
15600 63.0
15900 69.0
16200 71.0
16500 72.0
16800 75.0
17100 76.0
17400 77.0
17700 79.0
18000 79.0
18300 79.0
18600 79.0
18900 79.0
19200 79.0
19500 82.0
19800 83.0
20100 84.0
20400 87.0
20700 89.0
21000 91.0
21300 93.0
21600 98.0
21900 99.0
