300 2.0
600 4.0
900 8.0
1200 11.0
1500 15.0
1800 19.0
2100 22.0
2400 25.0
2700 28.0
3000 33.0
3300 36.0
3600 39.0
3900 41.0
4200 43.0
4500 46.0
4800 48.0
5100 51.0
5400 55.0
5700 57.0
6000 60.0
6300 64.0
6600 66.0
6900 69.0
7200 77.0
7500 78.0
7800 91.0
8100 94.0
8400 98.0
8700 100.0
9000 103.0
9300 106.0
9600 109.0
9900 112.0
10200 116.0
10500 118.0
10800 121.0
11100 124.0
11400 127.0
11700 129.0
12000 131.0
12300 134.0
12600 138.0
12900 141.0
13200 146.0
13500 151.0
13800 154.0
14100 157.0
14400 160.0
14700 166.0
15000 168.0
15300 172.0
15600 174.0
15900 177.0
16200 181.0
16500 184.0
16800 189.0
17100 191.0
17400 193.0
17700 196.0
18000 200.0
18300 203.0
18600 207.0
18900 212.0
19200 215.0
19500 218.0
19800 221.0
20100 226.0
20400 231.0
20700 234.0
21000 238.0
21300 242.0
21600 246.0
21900 247.0
22200 250.0
22500 253.0
22800 258.0
23100 260.0
23400 263.0
23700 265.0
24000 269.0
24300 272.0
24600 276.0
24900 280.0
25200 286.0
25500 291.0
25800 296.0
26100 299.0
26400 303.0
26700 307.0
27000 310.0
27300 312.0
27600 319.0
27900 323.0
28200 326.0
28500 329.0
28800 333.0
29100 336.0
29400 340.0
29700 343.0
30000 345.0
30300 349.0
30600 352.0
30900 356.0
31200 358.0
31500 363.0
31800 365.0
32100 370.0
32400 373.0
32700 377.0
33000 381.0
33300 385.0
33600 389.0
33900 394.0
34200 399.0
34500 402.0
34800 406.0
35100 408.0
35400 412.0
35700 419.0
36000 423.0
36300 428.0
36600 431.0
36900 435.0
37200 439.0
37500 444.0
37800 448.0
38100 451.0
38400 455.0
38700 460.0
39000 464.0
39300 468.0
39600 473.0
39900 476.0
40200 481.0
40500 485.0
40800 489.0
41100 491.0
41400 496.0
41700 499.0
42000 503.0
42300 507.0
42600 510.0
42900 513.0
43200 519.0
43500 522.0
43800 526.0
44100 531.0
44400 536.0
44700 540.0
45000 543.0
45300 547.0
45600 551.0
45900 555.0
46200 560.0
46500 564.0
46800 571.0
47100 575.0
47400 580.0
47700 585.0
48000 590.0
48300 594.0
48600 599.0
48900 603.0
49200 608.0
49500 612.0
49800 616.0
50100 621.0
50400 623.0
50700 626.0
51000 631.0
51300 637.0
51600 640.0
51900 644.0
52200 648.0
52500 651.0
52800 654.0
53100 660.0
53400 666.0
53700 668.0
54000 672.0
54300 675.0
54600 679.0
54900 683.0
55200 686.0
55500 690.0
55800 693.0
56100 697.0
56400 701.0
56700 704.0
57000 709.0
57300 711.0
57600 715.0
57900 718.0
58200 722.0
58500 728.0
58800 732.0
59100 737.0
59400 743.0
59700 748.0
60000 752.0
60300 755.0
60600 761.0
60900 765.0
61200 768.0
61500 768.0
