300 0.0
600 0.0
900 0.0
1200 0.0
1500 0.0
1800 0.0
2100 0.0
2400 0.0
2700 0.0
3000 0.0
3300 0.0
3600 0.0
3900 0.0
4200 0.0
4500 0.0
4800 0.0
5100 0.0
5400 0.0
5700 0.0
6000 0.0
6300 0.0
6600 0.0
6900 0.0
7200 0.0
7500 0.0
7800 0.0
8100 0.0
8400 0.0
8700 0.0
9000 0.0
9300 0.0
9600 0.0
9900 0.0
10200 0.0
10500 0.0
10800 0.0
11100 0.0
11400 0.0
11700 0.0
12000 0.0
12300 0.0
12600 0.0
12900 0.0
13200 0.0
13500 0.0
13800 0.0
14100 0.0
14400 0.0
14700 0.0
15000 0.0
15300 0.0
15600 0.0
15900 0.0
16200 0.0
16500 1.0
16800 1.0
17100 1.0
17400 1.0
17700 1.0
18000 1.0
18300 1.0
18600 1.0
18900 1.0
19200 1.0
19500 1.0
19800 1.0
20100 1.0
20400 1.0
20700 2.0
21000 2.0
21300 2.0
21600 2.0
21900 2.0
22200 2.0
22500 2.0
22800 2.0
23100 2.0
23400 2.0
23700 2.0
24000 3.0
24300 4.0
24600 5.0
24900 5.0
25200 5.0
25500 5.0
25800 5.0
26100 5.0
26400 5.0
26700 5.0
27000 5.0
27300 5.0
27600 5.0
27900 5.0
28200 6.0
28500 6.0
28800 6.0
29100 6.0
29400 6.0
29700 6.0
30000 6.0
30300 6.0
30600 7.0
30900 8.0
31200 8.0
31500 8.0
31800 8.0
32100 8.0
32400 9.0
32700 9.0
33000 10.0
33300 10.0
33600 10.0
33900 10.0
34200 10.0
34500 11.0
34800 11.0
35100 11.0
35400 12.0
35700 12.0
36000 12.0
36300 12.0
36600 13.0
36900 13.0
37200 13.0
37500 13.0
37800 13.0
38100 13.0
38400 13.0
38700 13.0
39000 13.0
39300 14.0
39600 14.0
39900 14.0
40200 14.0
40500 14.0
40800 14.0
41100 14.0
41400 15.0
41700 15.0
42000 15.0
42300 15.0
42600 15.0
42900 15.0
43200 15.0
43500 15.0
43800 15.0
44100 15.0
44400 15.0
44700 17.0
45000 17.0
45300 17.0
45600 18.0
45900 18.0
46200 19.0
46500 20.0
46800 20.0
47100 21.0
47400 21.0
47700 22.0
48000 22.0
48300 22.0
48600 23.0
48900 23.0
49200 23.0
49500 23.0
49800 23.0
50100 23.0
50400 23.0
50700 23.0
51000 23.0
51300 24.0
51600 31.0
51900 32.0
52200 32.0
52500 32.0
52800 32.0
53100 33.0
53400 33.0
53700 33.0
54000 34.0
54300 35.0
54600 35.0
54900 35.0
55200 36.0
55500 36.0
55800 36.0
56100 37.0
56400 37.0
56700 37.0
57000 37.0
57300 37.0
57600 37.0
57900 37.0
58200 37.0
58500 37.0
58800 37.0
59100 37.0
59400 38.0
59700 39.0
60000 39.0
60300 41.0
60600 41.0
60900 41.0
61200 42.0
61500 44.0
61800 44.0
62100 44.0
62400 44.0
62700 44.0
63000 44.0
63300 44.0
63600 44.0
63900 45.0
64200 45.0
64500 45.0
64800 46.0
65100 46.0
65400 46.0
65700 46.0
66000 47.0
66300 48.0
66600 48.0
66900 48.0
67200 48.0
67500 48.0
67800 48.0
68100 48.0
68400 48.0
68700 48.0
69000 48.0
69300 48.0
69600 48.0
69900 48.0
70200 49.0
70500 49.0
70800 49.0
71100 49.0
71400 49.0
71700 49.0
72000 49.0
72300 49.0
72600 49.0
72900 50.0
73200 51.0
73500 52.0
73800 53.0
74100 55.0
74400 55.0
74700 56.0
75000 56.0
75300 56.0
75600 57.0
75900 57.0
76200 57.0
76500 57.0
76800 58.0
77100 58.0
77400 58.0
77700 58.0
78000 59.0
78300 59.0
78600 59.0
78900 59.0
79200 59.0
79500 59.0
79800 59.0
80100 61.0
80400 61.0
80700 61.0
81000 62.0
81300 62.0
81600 62.0
81900 62.0
82200 62.0
82500 64.0
82800 64.0
83100 65.0
83400 65.0
83700 65.0
84000 65.0
84300 65.0
84600 66.0
84900 67.0
85200 67.0
85500 67.0
85800 67.0
86100 67.0
86400 68.0
86700 68.0
