300 0.0
600 0.0
900 0.0
1200 0.0
1500 0.0
1800 0.0
2100 0.0
2400 13.0
2700 46.0
3000 55.0
3300 57.0
3600 58.0
3900 64.0
4200 79.0
4500 103.0
4800 119.0
5100 161.0
5400 192.0
5700 195.0
6000 210.0
6300 269.0
6600 361.0
6900 499.0
7200 646.0
7500 887.0
7800 1059.0
8100 1212.0
8400 1350.0
8700 1537.0
9000 1700.0
9300 1813.0
9600 2002.0
9900 2162.0
10200 2329.0
10500 2468.0
10800 2645.0
11100 2880.0
11400 3211.0
11700 3403.0
12000 3559.0
12300 3797.0
12600 3977.0
12900 4006.0
13200 4144.0
13500 4351.0
13800 4489.0
14100 4687.0
14400 4842.0
14700 4949.0
15000 5090.0
15300 5276.0
15600 5425.0
15900 5590.0
16200 5750.0
16500 5845.0
16800 5893.0
17100 5919.0
17400 5938.0
17700 5973.0
18000 6008.0
18300 6040.0
18600 6068.0
18900 6096.0
19200 6164.0
19500 6247.0
19800 6263.0
20100 6263.0
20400 6269.0
20700 6287.0
21000 6290.0
21300 6301.0
21600 6303.0
21900 6365.0
22200 6381.0
22500 6399.0
22800 6423.0
23100 6437.0
23400 6437.0
23700 6437.0
24000 6437.0
24300 6438.0
24600 6438.0
24900 6438.0
25200 6438.0
25500 6438.0
25800 6438.0
26100 6438.0
26400 6438.0
26700 6438.0
27000 6438.0
27300 6438.0
27600 6438.0
27900 6438.0
28200 6438.0
28500 6438.0
28800 6438.0
29100 6438.0
29400 6438.0
29700 6439.0
30000 6439.0
30300 6439.0
30600 6439.0
30900 6439.0
31200 6439.0
31500 6439.0
31800 6439.0
32100 6439.0
32400 6440.0
32700 6440.0
33000 6440.0
33300 6440.0
33600 6440.0
33900 6441.0
34200 6441.0
34500 6441.0
34800 6441.0
35100 6442.0
35400 6442.0
35700 6442.0
36000 6442.0
36300 6442.0
36600 6442.0
36900 6442.0
37200 6442.0
37500 6442.0
37800 6442.0
38100 6442.0
38400 6442.0
38700 6442.0
39000 6442.0
39300 6442.0
39600 6442.0
39900 6442.0
40200 6442.0
40500 6442.0
40800 6442.0
41100 6442.0
41400 6442.0
41700 6442.0
42000 6442.0
42300 6442.0
42600 6447.0
42900 6447.0
43200 6447.0
43500 6447.0
43800 6447.0
44100 6447.0
44400 6447.0
44700 6447.0
45000 6447.0
45300 6447.0
45600 6447.0
45900 6447.0
46200 6447.0
46500 6447.0
46800 6447.0
47100 6447.0
47400 6447.0
47700 6447.0
48000 6447.0
48300 6447.0
48600 6447.0
48900 6447.0
49200 6447.0
49500 6447.0
49800 6447.0
50100 6447.0
50400 6447.0
50700 6447.0
51000 6447.0
51300 6447.0
51600 6447.0
51900 6447.0
52200 6447.0
52500 6447.0
52800 6447.0
53100 6447.0
53400 6447.0
53700 6447.0
54000 6447.0
54300 6447.0
54600 6447.0
54900 6447.0
55200 6447.0
55500 6447.0
55800 6447.0
56100 6447.0
56400 6447.0
56700 6447.0
57000 6447.0
57300 6447.0
57600 6447.0
57900 6447.0
58200 6447.0
58500 6448.0
58800 6448.0
59100 6448.0
59400 6448.0
59700 6448.0
60000 6448.0
60300 6448.0
60600 6448.0
60900 6448.0
61200 6448.0
61500 6448.0
61800 6448.0
62100 6448.0
62400 6448.0
62700 6448.0
63000 6448.0
63300 6449.0
63600 6449.0
63900 6449.0
64200 6449.0
64500 6450.0
64800 6450.0
65100 6451.0
65400 6451.0
65700 6451.0
66000 6451.0
66300 6451.0
66600 6451.0
66900 6451.0
67200 6451.0
67500 6451.0
67800 6451.0
68100 6451.0
68400 6451.0
68700 6451.0
69000 6451.0
69300 6451.0
69600 6451.0
69900 6452.0
70200 6452.0
70500 6452.0
70800 6452.0
71100 6452.0
71400 6452.0
71700 6452.0
72000 6452.0
72300 6452.0
72600 6452.0
72900 6452.0
73200 6452.0
73500 6452.0
73800 6452.0
74100 6452.0
74400 6452.0
74700 6452.0
75000 6452.0
75300 6452.0
75600 6452.0
75900 6453.0
76200 6453.0
76500 6453.0
76800 6454.0
77100 6454.0
77400 6454.0
77700 6454.0
78000 6454.0
78300 6454.0
78600 6454.0
78900 6454.0
79200 6454.0
79500 6454.0
79800 6454.0
80100 6454.0
80400 6459.0
80700 6459.0
81000 6459.0
81300 6459.0
81600 6459.0
81900 6459.0
82200 6459.0
82500 6459.0
82800 6459.0
83100 6459.0
83400 6459.0
83700 6459.0
84000 6459.0
84300 6459.0
84600 6459.0
84900 6459.0
85200 6459.0
85500 6459.0
85800 6459.0
