300 15.0
600 33.0
900 50.0
1200 78.0
1500 119.0
1800 155.0
2100 186.0
2400 231.0
2700 266.0
3000 320.0
3300 378.0
3600 435.0
3900 523.0
4200 590.0
4500 682.0
4800 776.0
5100 885.0
5400 982.0
5700 1070.0
6000 1146.0
6300 1251.0
6600 1359.0
6900 1455.0
7200 1544.0
7500 1627.0
7800 1705.0
8100 1776.0
8400 1875.0
8700 1953.0
9000 2069.0
9300 2157.0
9600 2221.0
9900 2298.0
10200 2379.0
10500 2439.0
10800 2506.0
11100 2573.0
11400 2656.0
11700 2729.0
12000 2807.0
12300 2878.0
12600 2938.0
12900 2993.0
13200 3057.0
13500 3129.0
13800 3188.0
14100 3250.0
14400 3319.0
14700 3379.0
15000 3442.0
15300 3519.0
15600 3596.0
15900 3677.0
16200 3743.0
16500 3814.0
16800 3872.0
17100 3951.0
17400 4015.0
17700 4079.0
18000 4142.0
18300 4197.0
18600 4250.0
18900 4332.0
19200 4390.0
19500 4441.0
19800 4517.0
20100 4578.0
20400 4644.0
20700 4696.0
21000 4758.0
21300 4829.0
21600 4892.0
21900 4921.0
