300 2.0
600 3.0
900 10.0
1200 16.0
1500 24.0
1800 38.0
2100 52.0
2400 71.0
2700 83.0
3000 99.0
3300 127.0
3600 153.0
3900 171.0
4200 194.0
4500 216.0
4800 251.0
5100 277.0
5400 309.0
5700 333.0
6000 354.0
6300 388.0
6600 418.0
6900 449.0
7200 477.0
7500 506.0
7800 537.0
8100 581.0
8400 613.0
8700 638.0
9000 669.0
9300 700.0
9600 728.0
9900 753.0
10200 781.0
10500 812.0
10800 844.0
11100 872.0
11400 910.0
11700 941.0
12000 971.0
12300 996.0
12600 1022.0
12900 1045.0
13200 1084.0
13500 1120.0
13800 1151.0
14100 1175.0
14400 1197.0
14700 1224.0
15000 1247.0
15300 1275.0
15600 1292.0
15900 1320.0
16200 1342.0
16500 1377.0
16800 1401.0
17100 1431.0
17400 1455.0
17700 1476.0
18000 1493.0
18300 1516.0
18600 1535.0
18900 1555.0
19200 1577.0
19500 1608.0
19800 1635.0
20100 1656.0
20400 1679.0
20700 1701.0
21000 1726.0
21300 1755.0
21600 1771.0
21900 1788.0
22200 1807.0
22500 1832.0
22800 1852.0
23100 1877.0
23400 1904.0
23700 1926.0
24000 1947.0
24300 1969.0
24600 1989.0
24900 2011.0
25200 2033.0
25500 2059.0
25800 2076.0
26100 2097.0
26400 2121.0
26700 2143.0
27000 2166.0
27300 2191.0
27600 2216.0
27900 2237.0
28200 2256.0
28500 2292.0
28800 2334.0
29100 2351.0
29400 2374.0
29700 2398.0
30000 2418.0
30300 2442.0
30600 2453.0
30900 2481.0
31200 2511.0
31500 2533.0
31800 2555.0
32100 2575.0
32400 2596.0
32700 2620.0
33000 2630.0
33300 2641.0
33600 2662.0
33900 2695.0
34200 2729.0
34500 2751.0
34800 2770.0
35100 2796.0
35400 2812.0
35700 2832.0
36000 2853.0
36300 2866.0
36600 2885.0
36900 2906.0
37200 2923.0
37500 2943.0
37800 2964.0
38100 2981.0
38400 2999.0
38700 3018.0
39000 3042.0
39300 3057.0
39600 3083.0
39900 3102.0
40200 3120.0
40500 3140.0
40800 3165.0
41100 3182.0
41400 3202.0
41700 3218.0
42000 3245.0
42300 3268.0
42600 3285.0
42900 3297.0
43200 3315.0
43500 3336.0
43800 3350.0
44100 3370.0
44400 3397.0
44700 3414.0
45000 3429.0
45300 3447.0
45600 3468.0
45900 3487.0
46200 3516.0
46500 3555.0
46800 3573.0
47100 3590.0
47400 3617.0
47700 3644.0
48000 3663.0
48300 3692.0
48600 3721.0
48900 3756.0
49200 3786.0
49500 3830.0
49800 3874.0
50100 3910.0
50400 3945.0
50700 3977.0
51000 4029.0
51300 4083.0
51600 4142.0
51900 4185.0
52200 4200.0
52500 4226.0
52800 4249.0
53100 4274.0
53400 4294.0
53700 4317.0
54000 4336.0
54300 4359.0
54600 4387.0
54900 4404.0
55200 4425.0
55500 4455.0
55800 4486.0
56100 4515.0
56400 4547.0
56700 4578.0
57000 4606.0
57300 4650.0
57600 4686.0
57900 4717.0
58200 4749.0
58500 4775.0
58800 4824.0
59100 4849.0
59400 4875.0
59700 4908.0
60000 4954.0
60300 5003.0
60600 5049.0
60900 5111.0
61200 5154.0
61500 5191.0
61800 5228.0
62100 5270.0
62400 5312.0
62700 5367.0
63000 5422.0
63300 5465.0
63600 5515.0
63900 5576.0
64200 5619.0
64500 5678.0
64800 5730.0
65100 5789.0
65400 5861.0
65700 5929.0
66000 5999.0
66300 6070.0
66600 6122.0
66900 6193.0
67200 6267.0
67500 6335.0
67800 6395.0
68100 6472.0
68400 6557.0
68700 6637.0
69000 6704.0
69300 6786.0
69600 6865.0
69900 6955.0
70200 7038.0
70500 7130.0
70800 7206.0
71100 7295.0
71400 7373.0
71700 7462.0
72000 7542.0
72300 7599.0
72600 7663.0
72900 7776.0
73200 7858.0
73500 7953.0
73800 8026.0
74100 8099.0
74400 8174.0
74700 8242.0
75000 8298.0
75300 8379.0
75600 8446.0
75900 8513.0
76200 8575.0
76500 8642.0
76800 8736.0
77100 8802.0
77400 8861.0
77700 8951.0
78000 9018.0
78300 9095.0
78600 9161.0
78900 9238.0
79200 9309.0
79500 9376.0
79800 9455.0
80100 9537.0
80400 9625.0
80700 9713.0
81000 9779.0
81300 9862.0
81600 9939.0
81900 10016.0
82200 10098.0
82500 10196.0
82800 10260.0
83100 10350.0
83400 10415.0
83700 10497.0
84000 10568.0
84300 10660.0
84600 10730.0
84900 10831.0
85200 10923.0
85500 11013.0
85800 11107.0
86100 11196.0
86400 11279.0
86700 11370.0
87000 11403.0
