300 1.0
600 1.0
900 3.0
1200 4.0
1500 6.0
1800 8.0
2100 10.0
2400 10.0
2700 11.0
3000 13.0
3300 15.0
3600 15.0
3900 18.0
4200 20.0
4500 20.0
4800 23.0
5100 27.0
5400 31.0
5700 32.0
6000 33.0
6300 36.0
6600 37.0
6900 40.0
7200 42.0
7500 44.0
7800 45.0
8100 46.0
8400 49.0
8700 52.0
9000 52.0
9300 53.0
9600 55.0
9900 60.0
10200 61.0
10500 62.0
10800 63.0
11100 63.0
11400 63.0
11700 64.0
12000 64.0
12300 64.0
12600 72.0
12900 73.0
13200 74.0
13500 76.0
13800 78.0
14100 80.0
14400 81.0
14700 81.0
15000 86.0
15300 87.0
15600 89.0
15900 92.0
16200 95.0
16500 97.0
16800 99.0
17100 101.0
17400 103.0
17700 108.0
18000 110.0
18300 111.0
18600 113.0
18900 114.0
19200 114.0
19500 118.0
19800 119.0
20100 121.0
20400 121.0
20700 122.0
21000 124.0
21300 127.0
21600 127.0
21900 131.0
22200 132.0
22500 134.0
22800 138.0
23100 142.0
23400 145.0
23700 152.0
24000 154.0
24300 158.0
24600 162.0
24900 166.0
25200 168.0
25500 169.0
25800 172.0
26100 174.0
26400 177.0
26700 179.0
27000 183.0
27300 186.0
27600 187.0
27900 190.0
28200 192.0
28500 195.0
28800 198.0
29100 202.0
29400 205.0
29700 208.0
30000 213.0
30300 215.0
30600 216.0
30900 221.0
31200 224.0
31500 225.0
31800 230.0
32100 233.0
32400 238.0
32700 245.0
33000 249.0
33300 252.0
33600 254.0
33900 257.0
34200 259.0
34500 263.0
34800 267.0
35100 268.0
35400 272.0
35700 276.0
36000 280.0
36300 283.0
36600 288.0
36900 292.0
37200 294.0
37500 298.0
37800 301.0
38100 303.0
38400 305.0
38700 306.0
39000 312.0
39300 316.0
39600 323.0
39900 325.0
40200 329.0
40500 334.0
40800 341.0
41100 345.0
41400 347.0
41700 352.0
42000 354.0
42300 356.0
42600 359.0
42900 361.0
43200 365.0
43500 372.0
43800 372.0
44100 375.0
44400 379.0
44700 382.0
45000 382.0
45300 386.0
45600 389.0
45900 391.0
46200 394.0
46500 398.0
46800 400.0
47100 403.0
47400 405.0
47700 407.0
48000 410.0
48300 416.0
48600 419.0
48900 421.0
49200 425.0
49500 428.0
49800 430.0
50100 432.0
50400 434.0
50700 436.0
51000 440.0
51300 444.0
51600 450.0
51900 453.0
52200 455.0
52500 458.0
52800 458.0
53100 460.0
53400 463.0
53700 468.0
54000 472.0
54300 475.0
54600 477.0
54900 479.0
55200 480.0
