300 0.0
600 0.0
900 0.0
1200 0.0
1500 0.0
1800 0.0
2100 0.0
2400 0.0
2700 0.0
3000 0.0
3300 0.0
3600 0.0
3900 0.0
4200 0.0
4500 0.0
4800 0.0
5100 0.0
5400 0.0
5700 0.0
6000 0.0
6300 0.0
6600 0.0
6900 0.0
7200 0.0
7500 0.0
7800 0.0
8100 0.0
8400 0.0
8700 0.0
9000 0.0
9300 0.0
9600 0.0
9900 0.0
10200 0.0
10500 0.0
10800 0.0
11100 0.0
11400 0.0
11700 0.0
12000 0.0
12300 0.0
12600 0.0
12900 0.0
13200 0.0
13500 0.0
13800 0.0
14100 0.0
14400 0.0
14700 0.0
15000 0.0
15300 0.0
15600 0.0
15900 0.0
16200 0.0
16500 0.0
16800 0.0
17100 0.0
17400 0.0
17700 0.0
18000 0.0
18300 0.0
18600 0.0
18900 0.0
19200 0.0
19500 0.0
19800 0.0
20100 0.0
20400 0.0
20700 0.0
21000 0.0
21300 0.0
21600 0.0
21900 1.0
22200 1.0
22500 1.0
22800 1.0
23100 1.0
23400 1.0
23700 1.0
24000 2.0
24300 2.0
24600 2.0
24900 2.0
25200 2.0
25500 2.0
25800 2.0
26100 2.0
26400 2.0
26700 2.0
27000 2.0
27300 2.0
27600 2.0
27900 2.0
28200 3.0
28500 3.0
28800 3.0
29100 3.0
29400 3.0
29700 3.0
30000 3.0
30300 3.0
30600 3.0
30900 3.0
31200 3.0
31500 3.0
31800 3.0
32100 3.0
32400 3.0
32700 3.0
33000 4.0
33300 4.0
33600 4.0
33900 4.0
34200 4.0
34500 5.0
34800 5.0
35100 5.0
35400 6.0
35700 6.0
36000 6.0
36300 6.0
36600 6.0
36900 7.0
37200 7.0
37500 8.0
37800 8.0
38100 8.0
38400 8.0
38700 8.0
39000 9.0
39300 10.0
39600 10.0
39900 10.0
40200 11.0
40500 11.0
40800 11.0
41100 11.0
41400 12.0
41700 12.0
42000 12.0
42300 12.0
42600 12.0
42900 12.0
43200 12.0
43500 12.0
43800 12.0
44100 13.0
44400 13.0
44700 15.0
45000 15.0
45300 15.0
45600 15.0
45900 16.0
46200 16.0
46500 16.0
46800 17.0
47100 17.0
47400 17.0
47700 17.0
48000 18.0
48300 18.0
48600 18.0
48900 20.0
49200 21.0
49500 21.0
49800 21.0
50100 21.0
50400 21.0
50700 21.0
51000 21.0
51300 22.0
51600 22.0
51900 23.0
52200 30.0
52500 36.0
52800 36.0
53100 37.0
53400 37.0
53700 38.0
54000 39.0
54300 39.0
54600 39.0
54900 39.0
55200 39.0
55500 39.0
55800 39.0
56100 39.0
56400 39.0
56700 39.0
57000 39.0
57300 39.0
57600 39.0
57900 41.0
58200 41.0
58500 41.0
58800 41.0
59100 41.0
59400 41.0
59700 41.0
60000 41.0
60300 41.0
60600 41.0
60900 41.0
61200 42.0
61500 42.0
61800 44.0
62100 44.0
62400 44.0
62700 44.0
63000 44.0
63300 44.0
63600 45.0
63900 45.0
64200 45.0
64500 45.0
64800 45.0
65100 46.0
65400 46.0
65700 46.0
66000 46.0
66300 46.0
66600 46.0
66900 46.0
67200 46.0
67500 46.0
67800 46.0
68100 46.0
68400 47.0
68700 47.0
69000 48.0
69300 49.0
69600 49.0
69900 49.0
70200 49.0
70500 49.0
70800 49.0
71100 49.0
71400 49.0
71700 49.0
72000 49.0
72300 49.0
72600 49.0
72900 49.0
73200 49.0
73500 49.0
73800 49.0
74100 49.0
74400 50.0
74700 50.0
75000 50.0
75300 50.0
75600 50.0
75900 50.0
76200 50.0
76500 50.0
76800 50.0
77100 50.0
77400 50.0
77700 50.0
78000 50.0
78300 51.0
78600 51.0
78900 51.0
79200 51.0
79500 51.0
79800 51.0
80100 51.0
80400 51.0
80700 51.0
81000 52.0
81300 52.0
81600 52.0
81900 52.0
82200 53.0
82500 53.0
82800 53.0
83100 53.0
83400 54.0
83700 55.0
84000 55.0
84300 55.0
84600 55.0
84900 56.0
85200 56.0
85500 57.0
85800 59.0
86100 59.0
86400 59.0
86700 59.0
