300 0.0
600 0.0
900 0.0
1200 0.0
1500 0.0
1800 0.0
2100 0.0
2400 0.0
2700 0.0
3000 0.0
3300 0.0
3600 0.0
3900 0.0
4200 0.0
4500 1.0
4800 1.0
5100 1.0
5400 1.0
5700 1.0
6000 1.0
6300 1.0
6600 1.0
6900 1.0
7200 1.0
7500 2.0
7800 3.0
8100 3.0
8400 4.0
8700 13.0
9000 20.0
9300 23.0
9600 25.0
9900 31.0
10200 34.0
10500 37.0
10800 41.0
11100 43.0
11400 45.0
11700 49.0
12000 51.0
12300 53.0
12600 55.0
12900 56.0
13200 60.0
13500 63.0
13800 66.0
14100 69.0
14400 73.0
14700 76.0
15000 82.0
15300 85.0
15600 90.0
15900 92.0
16200 95.0
16500 98.0
16800 102.0
17100 104.0
17400 109.0
17700 113.0
18000 117.0
18300 120.0
18600 123.0
18900 128.0
19200 133.0
19500 139.0
19800 143.0
20100 152.0
20400 154.0
20700 163.0
21000 174.0
21300 184.0
21600 198.0
21900 207.0
22200 210.0
22500 214.0
22800 219.0
23100 223.0
23400 232.0
23700 240.0
24000 249.0
24300 255.0
24600 262.0
24900 271.0
25200 276.0
25500 281.0
25800 288.0
26100 296.0
26400 306.0
26700 311.0
27000 319.0
27300 320.0
27600 328.0
27900 329.0
28200 337.0
28500 348.0
28800 350.0
29100 351.0
29400 352.0
29700 353.0
30000 354.0
30300 355.0
30600 355.0
30900 367.0
31200 379.0
31500 391.0
31800 403.0
32100 415.0
32400 429.0
32700 433.0
33000 445.0
33300 451.0
33600 458.0
33900 463.0
34200 468.0
34500 471.0
34800 472.0
35100 474.0
35400 477.0
35700 479.0
36000 479.0
36300 482.0
36600 487.0
36900 487.0
37200 491.0
37500 491.0
37800 493.0
38100 494.0
38400 495.0
38700 495.0
39000 495.0
39300 499.0
39600 502.0
39900 502.0
40200 502.0
40500 502.0
40800 502.0
41100 502.0
41400 502.0
41700 502.0
42000 502.0
42300 502.0
42600 502.0
42900 502.0
43200 502.0
43500 502.0
43800 502.0
44100 502.0
44400 503.0
44700 503.0
45000 503.0
45300 504.0
45600 505.0
45900 505.0
46200 505.0
46500 505.0
46800 505.0
47100 505.0
47400 506.0
47700 506.0
48000 506.0
48300 507.0
48600 507.0
48900 507.0
49200 507.0
49500 508.0
49800 509.0
50100 509.0
50400 509.0
50700 509.0
51000 510.0
51300 511.0
51600 511.0
51900 512.0
52200 516.0
52500 523.0
52800 533.0
53100 539.0
53400 547.0
53700 554.0
54000 562.0
54300 565.0
54600 569.0
54900 575.0
55200 581.0
55500 589.0
55800 599.0
56100 607.0
56400 611.0
56700 615.0
57000 624.0
57300 627.0
57600 635.0
57900 642.0
58200 644.0
58500 647.0
58800 650.0
59100 651.0
59400 653.0
59700 653.0
60000 654.0
60300 654.0
60600 658.0
60900 659.0
61200 666.0
61500 668.0
61800 672.0
62100 675.0
62400 676.0
62700 681.0
63000 681.0
63300 688.0
63600 696.0
63900 699.0
64200 702.0
64500 704.0
64800 709.0
65100 714.0
65400 728.0
65700 738.0
66000 750.0
66300 757.0
66600 764.0
66900 766.0
67200 768.0
67500 769.0
67800 774.0
68100 776.0
68400 777.0
68700 778.0
69000 779.0
69300 779.0
69600 779.0
69900 779.0
70200 780.0
70500 783.0
70800 784.0
71100 784.0
71400 784.0
71700 790.0
72000 793.0
72300 796.0
72600 799.0
72900 805.0
73200 811.0
73500 820.0
73800 827.0
74100 831.0
74400 837.0
74700 839.0
75000 839.0
75300 839.0
75600 840.0
75900 840.0
76200 841.0
76500 841.0
76800 844.0
77100 844.0
77400 848.0
77700 848.0
78000 851.0
78300 851.0
78600 851.0
78900 854.0
79200 856.0
79500 856.0
79800 856.0
80100 857.0
80400 857.0
80700 858.0
81000 863.0
81300 870.0
81600 873.0
81900 884.0
82200 893.0
82500 896.0
82800 900.0
83100 900.0
83400 900.0
83700 904.0
84000 909.0
84300 916.0
84600 925.0
84900 932.0
85200 945.0
85500 952.0
85800 954.0
86100 955.0
86400 957.0
86700 957.0
