300 7016.0
600 12753.0
900 17337.0
1200 22354.0
1500 27020.0
1800 33000.0
2100 38859.0
2400 45025.0
2700 49619.0
3000 54400.0
3300 58354.0
3600 61899.0
3900 65924.0
4200 69850.0
4500 73327.0
4800 76834.0
5100 79386.0
5400 81738.0
5700 84315.0
6000 87013.0
6300 89854.0
6600 93036.0
6900 96103.0
7200 99603.0
7500 102644.0
7800 106477.0
8100 110507.0
8400 113249.0
8700 116030.0
9000 118351.0
9300 120804.0
9600 123038.0
9900 125273.0
10200 127640.0
10500 131938.0
10800 134071.0
11100 136286.0
11400 138359.0
11700 140888.0
12000 143650.0
12300 146391.0
12600 151216.0
12900 153410.0
13200 155673.0
13500 157845.0
13800 159503.0
14100 161145.0
14400 162729.0
14700 164287.0
15000 165828.0
15300 167659.0
15600 170027.0
15900 172772.0
16200 175469.0
16500 178031.0
16800 180380.0
17100 182621.0
17400 184304.0
17700 186092.0
18000 188029.0
18300 190542.0
18600 193546.0
18900 195455.0
19200 197337.0
19500 199114.0
19800 200863.0
20100 202494.0
20400 204497.0
20700 206762.0
21000 209010.0
21300 211082.0
21600 212765.0
21900 214184.0
22200 215451.0
22500 216442.0
22800 217417.0
23100 218625.0
23400 219708.0
23700 221039.0
24000 222416.0
24300 224366.0
24600 227880.0
24900 231838.0
25200 233413.0
25500 235233.0
25800 236573.0
26100 237731.0
26400 238854.0
26700 239885.0
27000 240779.0
27300 242159.0
27600 243946.0
27900 245738.0
28200 247698.0
28500 249229.0
28800 250609.0
29100 251584.0
29400 253827.0
29700 255552.0
30000 256690.0
30300 257619.0
30600 259383.0
30900 261528.0
31200 263366.0
31500 264748.0
31800 266143.0
32100 267719.0
32400 269817.0
32700 271708.0
33000 273471.0
33300 275268.0
33600 277387.0
33900 278538.0
34200 279645.0
34500 281108.0
34800 283683.0
35100 287499.0
35400 290905.0
35700 294667.0
36000 297286.0
36300 299939.0
36600 302367.0
36900 303689.0
37200 304925.0
37500 306379.0
37800 307697.0
38100 309739.0
38400 312204.0
38700 314651.0
39000 317179.0
39300 318347.0
39600 320047.0
39900 322414.0
40200 324311.0
40500 325921.0
40800 327967.0
41100 330277.0
41400 332078.0
41700 334455.0
42000 336786.0
42300 338898.0
42600 340944.0
42900 342818.0
43200 345180.0
43500 347013.0
43800 348684.0
44100 350605.0
44400 351316.0
44700 352430.0
45000 353520.0
45300 354578.0
45600 355515.0
45900 356268.0
46200 357220.0
46500 358110.0
46800 358824.0
47100 361049.0
47400 361856.0
47700 362901.0
48000 363973.0
48300 365218.0
48600 365873.0
48900 366676.0
49200 367459.0
49500 367957.0
49800 368703.0
50100 369277.0
50400 370200.0
50700 370951.0
51000 372973.0
51300 375082.0
51600 376795.0
51900 378345.0
52200 379647.0
52500 380833.0
52800 381520.0
53100 382176.0
53400 382788.0
53700 383476.0
54000 384084.0
54300 384578.0
54600 385197.0
54900 385770.0
55200 386565.0
