300 118.0
600 118.0
900 130.0
1200 166.0
1500 388.0
1800 577.0
2100 582.0
2400 53202.0
2700 126044.0
3000 206659.0
3300 214615.0
3600 221064.0
3900 248397.0
4200 325319.0
4500 395876.0
4800 438973.0
5100 512351.0
5400 564010.0
5700 574127.0
6000 717490.0
6300 1140768.0
6600 1510383.0
6900 1976792.0
7200 2443096.0
7500 3184133.0
7800 3651917.0
8100 4059642.0
8400 4421474.0
8700 4937671.0
9000 5339580.0
9300 5608528.0
9600 6100890.0
9900 6495564.0
10200 6909862.0
10500 7237398.0
10800 7679736.0
11100 8196327.0
11400 8919335.0
11700 9328268.0
12000 9581693.0
12300 10130465.0
12600 10573001.0
12900 10660656.0
13200 11032966.0
13500 11533925.0
13800 11854934.0
14100 12297637.0
14400 12655855.0
14700 12961138.0
15000 13314520.0
15300 13727227.0
15600 14078093.0
15900 14479158.0
16200 14862053.0
16500 15144681.0
16800 15220055.0
17100 15245614.0
17400 15273159.0
17700 15351744.0
18000 15386118.0
18300 15450143.0
18600 15493707.0
18900 15546460.0
19200 15749891.0
19500 15935389.0
19800 15964570.0
20100 15969347.0
20400 15974478.0
20700 16017305.0
21000 16020990.0
21300 16024158.0
21600 16032580.0
21900 16225372.0
22200 16251037.0
22500 16268764.0
22800 16294448.0
23100 16299480.0
23400 16299487.0
23700 16299491.0
24000 16299496.0
24300 16299500.0
24600 16299516.0
24900 16299524.0
25200 16299531.0
25500 16299571.0
25800 16299843.0
26100 16299909.0
26400 16299928.0
26700 16300001.0
27000 16300016.0
27300 16300023.0
27600 16300030.0
27900 16300040.0
28200 16300075.0
28500 16300086.0
28800 16300095.0
29100 16300121.0
29400 16300124.0
29700 16300130.0
30000 16300154.0
30300 16300160.0
30600 16300161.0
30900 16300164.0
31200 16300169.0
31500 16300172.0
31800 16300175.0
32100 16300183.0
32400 16300185.0
32700 16300191.0
33000 16300192.0
33300 16300194.0
33600 16300275.0
33900 16300285.0
34200 16300294.0
34500 16300297.0
34800 16300299.0
35100 16300301.0
35400 16300346.0
35700 16300429.0
36000 16300436.0
36300 16300443.0
36600 16300444.0
36900 16300446.0
37200 16300475.0
37500 16300482.0
37800 16300487.0
38100 16300490.0
38400 16300490.0
38700 16300500.0
39000 16300534.0
39300 16300538.0
39600 16300539.0
39900 16300547.0
40200 16300547.0
40500 16300549.0
40800 16300618.0
41100 16300622.0
41400 16300626.0
41700 16300629.0
42000 16300629.0
42300 16300775.0
42600 16303996.0
42900 16304015.0
43200 16304029.0
43500 16304038.0
43800 16304046.0
44100 16304053.0
44400 16304114.0
44700 16304120.0
45000 16304126.0
45300 16304133.0
45600 16304133.0
45900 16304135.0
46200 16304150.0
46500 16304158.0
46800 16304163.0
47100 16304174.0
47400 16304183.0
47700 16304187.0
48000 16304227.0
48300 16304229.0
48600 16304231.0
48900 16304239.0
49200 16304241.0
49500 16304248.0
49800 16304259.0
50100 16304269.0
50400 16304270.0
50700 16304272.0
51000 16304272.0
51300 16304274.0
51600 16304309.0
51900 16304315.0
52200 16304321.0
52500 16304325.0
52800 16304325.0
53100 16304326.0
53400 16304332.0
53700 16304338.0
54000 16304339.0
54300 16304347.0
54600 16304416.0
54900 16304425.0
55200 16304446.0
55500 16304450.0
55800 16304450.0
56100 16304501.0
56400 16304505.0
56700 16304506.0
57000 16304511.0
57300 16304522.0
57600 16304539.0
57900 16304542.0
58200 16304543.0
58500 16304549.0
58800 16304577.0
59100 16304581.0
59400 16304583.0
59700 16304594.0
60000 16304594.0
60300 16304597.0
60600 16304601.0
60900 16304607.0
61200 16304612.0
61500 16304618.0
61800 16304645.0
62100 16304645.0
62400 16304664.0
62700 16304665.0
63000 16304666.0
63300 16304669.0
63600 16304669.0
63900 16304685.0
64200 16304689.0
64500 16305587.0
64800 16305622.0
65100 16305663.0
65400 16305663.0
65700 16305666.0
66000 16305700.0
66300 16305700.0
66600 16305700.0
66900 16305701.0
67200 16305701.0
67500 16305701.0
67800 16305701.0
68100 16305708.0
68400 16305710.0
68700 16305714.0
69000 16305733.0
69300 16305737.0
69600 16305782.0
69900 16305787.0
70200 16305801.0
70500 16305801.0
70800 16305801.0
71100 16305804.0
71400 16305807.0
71700 16305811.0
72000 16305814.0
72300 16305817.0
72600 16305817.0
72900 16305819.0
73200 16305846.0
73500 16305847.0
73800 16305849.0
74100 16305850.0
74400 16305888.0
74700 16305890.0
75000 16305891.0
75300 16305927.0
75600 16305932.0
75900 16305945.0
76200 16305963.0
76500 16305967.0
76800 16306004.0
77100 16306005.0
77400 16306010.0
77700 16306011.0
78000 16306011.0
78300 16306011.0
78600 16306012.0
78900 16306022.0
79200 16306024.0
79500 16306031.0
79800 16306031.0
80100 16306032.0
80400 16311029.0
80700 16311032.0
81000 16311043.0
81300 16311045.0
81600 16311061.0
81900 16311072.0
82200 16311092.0
82500 16311105.0
82800 16311118.0
83100 16311137.0
83400 16311157.0
83700 16311160.0
84000 16311195.0
84300 16311201.0
84600 16311203.0
84900 16311206.0
85200 16311206.0
85500 16311208.0
85800 16311208.0
