300 16018.0
600 32171.0
900 47302.0
1200 62136.0
1500 76866.0
1800 90720.0
2100 105967.0
2400 120271.0
2700 133428.0
3000 147739.0
3300 161052.0
3600 174921.0
3900 188774.0
4200 201754.0
4500 214579.0
4800 227404.0
5100 240424.0
5400 252724.0
5700 265314.0
6000 277717.0
6300 289597.0
6600 301116.0
6900 312215.0
7200 323754.0
7500 334591.0
7800 345843.0
8100 356797.0
8400 367774.0
8700 378778.0
9000 389533.0
9300 400533.0
9600 411310.0
9900 422036.0
10200 432249.0
10500 442818.0
10800 453309.0
11100 462856.0
11400 472665.0
11700 482571.0
12000 492266.0
12300 502357.0
12600 511893.0
12900 521279.0
13200 530206.0
13500 539051.0
13800 547820.0
14100 557419.0
14400 566940.0
14700 575517.0
15000 584369.0
15300 593252.0
15600 602037.0
15900 610525.0
16200 618869.0
16500 627607.0
16800 635811.0
17100 644009.0
17400 652501.0
17700 661009.0
18000 669543.0
18300 677795.0
18600 686039.0
18900 693850.0
19200 701996.0
19500 710017.0
19800 718182.0
20100 726379.0
20400 734117.0
20700 741480.0
21000 748934.0
21300 755968.0
21600 763322.0
21900 767109.0
