300 239062.0
600 433959.0
900 598066.0
1200 763730.0
1500 950711.0
1800 1129920.0
2100 1282255.0
2400 1417755.0
2700 1536986.0
3000 1652550.0
3300 1767293.0
3600 1864882.0
3900 1972366.0
4200 2066752.0
4500 2170474.0
4800 2268765.0
5100 2405814.0
5400 2498894.0
5700 2590350.0
6000 2673223.0
6300 2758890.0
6600 2844579.0
6900 2921578.0
7200 3002866.0
7500 3080578.0
7800 3148842.0
8100 3222476.0
8400 3299045.0
8700 3392916.0
9000 3508302.0
9300 3615962.0
9600 3678573.0
9900 3748019.0
10200 3812636.0
10500 3873005.0
10800 3940566.0
11100 4003639.0
11400 4063996.0
11700 4125483.0
12000 4182418.0
12300 4246590.0
12600 4300476.0
12900 4354485.0
13200 4412059.0
13500 4473082.0
13800 4531713.0
14100 4589383.0
14400 4642900.0
14700 4694072.0
15000 4743405.0
15300 4799153.0
15600 4858167.0
15900 4934168.0
16200 4981848.0
16500 5035880.0
16800 5086475.0
17100 5137178.0
17400 5191378.0
17700 5241597.0
18000 5290765.0
18300 5341952.0
18600 5386819.0
18900 5437432.0
19200 5485412.0
19500 5528061.0
19800 5575819.0
20100 5624718.0
20400 5668575.0
20700 5713362.0
21000 5757739.0
21300 5805981.0
21600 5847227.0
21900 5865820.0
