300 2066.0
600 4325.0
900 8683.0
1200 10139.0
1500 11023.0
1800 11757.0
2100 12478.0
2400 13167.0
2700 13670.0
3000 13761.0
3300 13762.0
3600 13764.0
3900 13777.0
4200 13852.0
4500 14003.0
4800 14150.0
5100 14327.0
5400 14537.0
5700 14586.0
6000 18863.0
6300 26741.0
6600 29531.0
6900 32701.0
7200 48832.0
7500 65074.0
7800 71593.0
8100 77316.0
8400 80691.0
8700 117208.0
9000 155728.0
9300 178281.0
9600 200148.0
9900 235519.0
10200 260064.0
10500 283449.0
10800 313313.0
11100 329098.0
11400 342533.0
11700 363875.0
12000 377405.0
12300 393537.0
12600 414220.0
12900 434026.0
13200 453513.0
13500 476697.0
13800 497261.0
14100 521660.0
14400 544599.0
14700 574400.0
15000 603760.0
15300 632216.0
15600 660565.0
15900 682849.0
16200 706625.0
16500 727929.0
16800 750716.0
17100 774104.0
17400 802955.0
17700 829660.0
18000 854128.0
18300 873611.0
18600 892808.0
18900 924698.0
19200 959311.0
19500 999166.0
19800 1040185.0
20100 1095733.0
20400 1121036.0
20700 1151080.0
21000 1177347.0
21300 1203719.0
21600 1239099.0
21900 1265173.0
22200 1288945.0
22500 1323822.0
22800 1346376.0
23100 1369012.0
23400 1408907.0
23700 1445389.0
24000 1486552.0
24300 1531486.0
24600 1572798.0
24900 1608175.0
25200 1637941.0
25500 1659043.0
25800 1685147.0
26100 1713059.0
26400 1743627.0
26700 1764353.0
27000 1787118.0
27300 1795049.0
27600 1797089.0
27900 1797305.0
28200 1798469.0
28500 1799289.0
28800 1800283.0
29100 1806285.0
29400 1812900.0
29700 1829348.0
30000 1843646.0
30300 1847779.0
30600 1847814.0
30900 1852827.0
31200 1858626.0
31500 1862649.0
31800 1862770.0
32100 1863078.0
32400 1863277.0
32700 1863629.0
33000 1864009.0
33300 1864345.0
33600 1864526.0
33900 1864802.0
34200 1871803.0
34500 1878434.0
34800 1882238.0
35100 1882504.0
35400 1882684.0
35700 1883503.0
36000 1884347.0
36300 1887649.0
36600 1888639.0
36900 1888808.0
37200 1890364.0
37500 1891124.0
37800 1891657.0
38100 1891794.0
38400 1891920.0
38700 1893290.0
39000 1896242.0
39300 1896354.0
39600 1897543.0
39900 1897641.0
40200 1897665.0
40500 1897671.0
40800 1897671.0
41100 1897697.0
41400 1897701.0
41700 1897732.0
42000 1898159.0
42300 1898233.0
42600 1898275.0
42900 1898275.0
43200 1898293.0
43500 1898359.0
43800 1898378.0
44100 1898381.0
44400 1898381.0
44700 1898381.0
45000 1898384.0
45300 1898384.0
45600 1898384.0
45900 1898401.0
46200 1898499.0
46500 1898579.0
46800 1898579.0
47100 1898728.0
47400 1898728.0
47700 1898728.0
48000 1898740.0
48300 1898771.0
48600 1898775.0
48900 1898775.0
49200 1898851.0
49500 1899035.0
49800 1899054.0
50100 1899055.0
50400 1899111.0
50700 1899204.0
51000 1899247.0
51300 1899840.0
51600 1900281.0
51900 1900361.0
52200 1900439.0
52500 1900545.0
52800 1900633.0
53100 1900747.0
53400 1903394.0
53700 1906452.0
54000 1906654.0
54300 1906750.0
54600 1908978.0
54900 1912592.0
55200 1913235.0
55500 1913533.0
55800 1913746.0
56100 1913991.0
56400 1914315.0
56700 1923568.0
57000 1935955.0
57300 1947323.0
57600 1959149.0
57900 1970170.0
58200 1978321.0
58500 1982063.0
58800 1982330.0
59100 1982488.0
59400 1982705.0
59700 1982790.0
60000 1982867.0
60300 1982915.0
60600 1983192.0
60900 1983412.0
61200 1983495.0
61500 1983628.0
61800 1983783.0
62100 1983960.0
62400 1984234.0
62700 1984458.0
63000 1985445.0
63300 2010958.0
63600 2024305.0
63900 2038826.0
64200 2050084.0
64500 2059094.0
64800 2071445.0
65100 2097617.0
65400 2125346.0
65700 2158836.0
66000 2200928.0
66300 2224644.0
66600 2235137.0
66900 2240126.0
67200 2243524.0
67500 2243859.0
67800 2243939.0
68100 2244075.0
68400 2244224.0
68700 2244301.0
69000 2245665.0
69300 2246727.0
69600 2247084.0
69900 2247486.0
70200 2247493.0
70500 2247505.0
70800 2247512.0
71100 2247537.0
71400 2247947.0
71700 2276758.0
72000 2304349.0
72300 2319095.0
72600 2319154.0
72900 2319483.0
73200 2319499.0
73500 2319682.0
73800 2319856.0
74100 2320141.0
74400 2320171.0
74700 2320191.0
75000 2320575.0
75300 2320583.0
75600 2320607.0
75900 2320650.0
76200 2321030.0
76500 2321040.0
76800 2321078.0
77100 2321086.0
77400 2321473.0
77700 2321482.0
78000 2321482.0
78300 2321508.0
78600 2321514.0
78900 2322024.0
79200 2322037.0
79500 2322060.0
79800 2322072.0
80100 2322174.0
80400 2322200.0
80700 2322314.0
81000 2322385.0
81300 2322474.0
81600 2322667.0
81900 2337796.0
82200 2360963.0
82500 2375113.0
82800 2395836.0
83100 2401326.0
83400 2411914.0
83700 2422418.0
84000 2435158.0
84300 2441196.0
84600 2447106.0
84900 2456293.0
85200 2459267.0
85500 2463694.0
85800 2466448.0
86100 2467471.0
86400 2469602.0
86700 2470838.0
