300 595.0
600 891.0
900 1079.0
1200 1252.0
1500 1394.0
1800 1560.0
2100 1702.0
2400 1826.0
2700 1997.0
3000 2175.0
3300 2315.0
3600 2434.0
3900 2622.0
4200 2758.0
4500 2912.0
4800 3042.0
5100 3163.0
5400 3300.0
5700 3440.0
6000 3563.0
6300 3691.0
6600 3838.0
6900 3962.0
7200 4083.0
7500 4219.0
7800 4337.0
8100 4466.0
8400 4602.0
8700 4724.0
9000 4845.0
9300 4993.0
9600 5119.0
9900 5240.0
10200 5384.0
10500 5511.0
10800 5627.0
11100 6062.0
11400 6194.0
11700 6339.0
12000 6481.0
12300 6600.0
12600 6764.0
12900 6897.0
13200 7024.0
13500 7153.0
13800 7307.0
14100 7430.0
14400 7545.0
14700 7678.0
15000 7806.0
15300 7939.0
15600 8073.0
15900 8201.0
16200 8326.0
16500 8462.0
16800 8583.0
17100 8732.0
17400 8882.0
17700 9012.0
18000 9132.0
18300 9271.0
18600 9403.0
18900 9540.0
19200 9684.0
19500 9804.0
19800 9932.0
20100 10070.0
20400 10203.0
20700 10333.0
21000 10479.0
21300 10596.0
21600 10719.0
21900 11002.0
22200 11162.0
22500 11301.0
22800 11439.0
23100 11565.0
23400 11699.0
23700 11881.0
24000 12011.0
24300 12152.0
24600 12300.0
24900 12416.0
25200 12535.0
25500 12664.0
25800 12790.0
26100 12918.0
26400 13057.0
26700 13180.0
27000 13305.0
27300 13455.0
27600 13576.0
27900 13719.0
28200 13854.0
28500 13985.0
28800 14113.0
29100 14157.0
29400 14183.0
29700 14204.0
30000 14231.0
30300 14254.0
30600 14277.0
30900 14302.0
31200 14314.0
31500 14332.0
31800 14359.0
32100 14380.0
32400 14403.0
32700 14426.0
33000 14467.0
33300 14491.0
33600 14515.0
33900 14538.0
34200 14565.0
34500 14590.0
34800 14612.0
35100 14638.0
35400 14669.0
35700 14690.0
36000 14713.0
36300 14740.0
36600 14763.0
36900 14787.0
37200 14811.0
37500 14833.0
37800 14859.0
38100 14883.0
38400 14907.0
38700 14931.0
39000 14956.0
39300 14981.0
39600 15008.0
39900 15069.0
40200 15091.0
40500 15110.0
40800 15134.0
41100 15156.0
41400 15185.0
41700 15207.0
42000 15231.0
42300 15252.0
42600 15292.0
42900 15316.0
43200 15337.0
43500 15371.0
43800 15390.0
44100 15412.0
44400 15434.0
44700 15455.0
45000 15478.0
45300 15500.0
45600 15522.0
45900 15569.0
46200 15590.0
46500 15614.0
46800 15643.0
47100 15664.0
47400 15687.0
47700 15708.0
48000 15729.0
48300 15749.0
48600 15780.0
48900 15802.0
49200 15821.0
49500 15847.0
49800 15868.0
50100 15891.0
50400 15921.0
50700 15954.0
51000 15974.0
51300 15997.0
51600 16024.0
51900 16078.0
52200 19697.0
52500 20862.0
52800 20898.0
53100 20928.0
53400 20948.0
53700 20973.0
54000 20993.0
54300 21016.0
54600 21036.0
54900 21057.0
55200 21076.0
55500 21094.0
55800 21114.0
56100 21138.0
56400 21158.0
56700 21181.0
57000 21201.0
57300 21223.0
57600 21244.0
57900 21269.0
58200 21288.0
58500 21309.0
58800 21330.0
59100 21351.0
59400 21376.0
59700 21397.0
60000 21418.0
60300 21443.0
60600 21462.0
60900 21485.0
61200 21506.0
61500 21524.0
61800 21542.0
62100 21566.0
62400 21587.0
62700 21610.0
63000 21630.0
63300 21653.0
63600 21671.0
63900 21699.0
64200 21719.0
64500 21745.0
64800 21767.0
65100 21793.0
65400 21816.0
65700 21849.0
66000 21870.0
66300 21891.0
66600 21911.0
66900 21933.0
67200 21953.0
67500 21980.0
67800 22000.0
68100 22022.0
68400 22044.0
68700 22068.0
69000 22090.0
69300 22110.0
69600 22130.0
69900 22152.0
70200 22173.0
70500 22194.0
70800 22216.0
71100 22241.0
71400 22264.0
71700 22293.0
72000 22314.0
72300 22336.0
72600 22356.0
72900 22376.0
73200 22398.0
73500 22418.0
73800 22440.0
74100 22460.0
74400 22482.0
74700 22510.0
75000 22530.0
75300 22554.0
75600 22587.0
75900 22604.0
76200 22625.0
76500 22646.0
76800 22669.0
77100 22690.0
77400 22714.0
77700 22735.0
78000 22757.0
78300 22783.0
78600 22804.0
78900 22827.0
79200 22848.0
79500 22870.0
79800 22893.0
80100 22924.0
80400 22946.0
80700 22967.0
81000 22991.0
81300 23010.0
81600 23024.0
81900 23047.0
82200 23068.0
82500 23083.0
82800 23102.0
83100 23122.0
83400 23145.0
83700 23165.0
84000 23204.0
84300 23223.0
84600 23253.0
84900 23272.0
85200 23294.0
85500 23317.0
85800 23337.0
86100 23359.0
86400 23387.0
86700 23392.0
