30 15659.0
60 33063.0
90 46558.0
120 60310.0
150 72685.0
180 84564.0
210 95365.0
240 124075.0
270 165761.0
300 239080.0
330 309629.0
360 381062.0
390 451441.0
420 521432.0
450 590476.0
480 662434.0
510 734167.0
540 805899.0
570 877899.0
600 948801.0
630 1005498.0
660 1076770.0
690 1148390.0
720 1217682.0
750 1285051.0
780 1348581.0
810 1412424.0
840 1473569.0
870 1535321.0
900 1596086.0
930 1655779.0
960 1714662.0
990 1773267.0
1020 1831118.0
1050 1890172.0
1080 1949462.0
1110 2007564.0
1140 2066464.0
1170 2125139.0
1200 2184102.0
1230 2241490.0
1260 2300325.0
1290 2359668.0
1320 2419336.0
1350 2479301.0
1380 2538910.0
1410 2598146.0
1440 2655878.0
1470 2699739.0
1500 2765578.0
1530 2831732.0
1560 2894707.0
1590 2967454.0
1620 3042957.0
1650 3113621.0
1680 3176709.0
1710 3239095.0
1740 3306726.0
1770 3378182.0
1800 3444664.0
1830 3508202.0
1860 3572221.0
1890 3632530.0
1920 3694694.0
1950 3762965.0
1980 3829231.0
2010 3896180.0
2040 3960006.0
2070 4025484.0
2100 4090387.0
2130 4155473.0
2160 4221033.0
2190 4284635.0
2220 4349969.0
2250 4414608.0
2280 4480862.0
2310 4541205.0
2340 4601391.0
2370 4662187.0
2400 4721579.0
2430 4782234.0
2460 4840222.0
2490 4899151.0
2520 4975344.0
2550 5048986.0
2580 5117257.0
2610 5176287.0
2640 5235734.0
2670 5296693.0
2700 5354457.0
2730 5411267.0
2760 5470740.0
2790 5531994.0
2820 5593325.0
2850 5654008.0
2880 5711491.0
2910 5769172.0
2940 5827757.0
2970 5886373.0
3000 5951054.0
3030 6016098.0
3060 6080621.0
3090 6141626.0
3120 6203122.0
3150 6260170.0
3180 6317636.0
3210 6377409.0
3240 6435289.0
3270 6490303.0
3300 6546530.0
3330 6600939.0
3360 6655585.0
3390 6715038.0
3420 6775560.0
3450 6831292.0
3480 6886993.0
3510 6947288.0
3540 7009288.0
3570 7067867.0
3600 7126943.0
3630 7187406.0
3660 7248450.0
3690 7308612.0
3720 7362569.0
3750 7415427.0
3780 7468714.0
3810 7523102.0
3840 7578595.0
3870 7633285.0
3900 7649942.0
3930 7651320.0
3960 7652889.0
3990 7653911.0
4020 7655365.0
4050 7656643.0
4080 8198339.0
4110 8460815.0
4140 8460821.0
4170 8460824.0
4200 8460824.0
4230 8460824.0
4260 8460826.0
4290 8460827.0
4320 8460829.0
4350 8460829.0
4380 8460829.0
4410 8460829.0
4440 8460829.0
4470 8460829.0
4500 8460833.0
4530 8460835.0
4560 8460835.0
