300 765.0
600 1391.0
900 1996.0
1200 2550.0
1500 3062.0
1800 3573.0
2100 4159.0
2400 4682.0
2700 5184.0
3000 5655.0
3300 6135.0
3600 6670.0
3900 7212.0
4200 9114.0
4500 9611.0
4800 10060.0
5100 11728.0
5400 12200.0
5700 13743.0
6000 14299.0
6300 14949.0
6600 15503.0
6900 15959.0
7200 18647.0
7500 19209.0
7800 19830.0
8100 20580.0
8400 21160.0
8700 21705.0
9000 22375.0
9300 22977.0
9600 23496.0
9900 24233.0
10200 24670.0
10500 25049.0
10800 25632.0
11100 26190.0
11400 26966.0
11700 27469.0
12000 27953.0
12300 28354.0
12600 28833.0
12900 29201.0
13200 29594.0
13500 29928.0
13800 30229.0
14100 30552.0
14400 30836.0
14700 31201.0
15000 31539.0
15300 31821.0
15600 32087.0
15900 32365.0
16200 32624.0
16500 32906.0
16800 33184.0
17100 33458.0
17400 33744.0
17700 35016.0
18000 36126.0
18300 36446.0
18600 36769.0
18900 37063.0
19200 37372.0
19500 37635.0
19800 37880.0
20100 38245.0
20400 38545.0
20700 38800.0
21000 39073.0
21300 39366.0
21600 39657.0
21900 40060.0
22200 40634.0
22500 40986.0
22800 41272.0
23100 41588.0
23400 41881.0
23700 42156.0
24000 42420.0
24300 42693.0
24600 43024.0
24900 43312.0
25200 43600.0
25500 43891.0
25800 44207.0
26100 44485.0
26400 44767.0
26700 45045.0
27000 45348.0
27300 45641.0
27600 45914.0
27900 46172.0
28200 46431.0
28500 46697.0
28800 46972.0
29100 47475.0
29400 47982.0
29700 48256.0
30000 48573.0
30300 49188.0
30600 49650.0
30900 50024.0
31200 50327.0
31500 50707.0
31800 51149.0
32100 51481.0
32400 51776.0
32700 52072.0
33000 52366.0
33300 52630.0
33600 52935.0
33900 53206.0
34200 53467.0
34500 53777.0
34800 53940.0
35100 54143.0
35400 54371.0
35700 54546.0
36000 54704.0
36300 54888.0
36600 55054.0
36900 55214.0
37200 55390.0
37500 55545.0
37800 55707.0
38100 55888.0
38400 56068.0
38700 56232.0
39000 56408.0
39300 57502.0
39600 59684.0
39900 60109.0
40200 60350.0
40500 60570.0
40800 60792.0
41100 60986.0
41400 61193.0
41700 61387.0
42000 61626.0
42300 61872.0
42600 62125.0
42900 62365.0
43200 62568.0
43500 62814.0
43800 63753.0
44100 64023.0
44400 66256.0
44700 66526.0
45000 66725.0
45300 66961.0
45600 67191.0
45900 67432.0
46200 67674.0
46500 67888.0
46800 68228.0
47100 68468.0
47400 68735.0
47700 68939.0
48000 69198.0
48300 69494.0
48600 69767.0
48900 70001.0
49200 70292.0
49500 70504.0
49800 70729.0
50100 70946.0
50400 71160.0
50700 71414.0
51000 71639.0
51300 71891.0
51600 72243.0
51900 72501.0
52200 72710.0
52500 72977.0
52800 73209.0
53100 73480.0
53400 73784.0
53700 74039.0
54000 74294.0
54300 75131.0
54600 75391.0
54900 75585.0
55200 75811.0
55500 76031.0
55800 77877.0
56100 80949.0
56400 81234.0
56700 81540.0
57000 81810.0
57300 82363.0
57600 87934.0
57900 89759.0
58200 90008.0
58500 90286.0
58800 90558.0
59100 90776.0
59400 91051.0
59700 91310.0
60000 91543.0
60300 91746.0
60600 91939.0
60900 92163.0
61200 92313.0
61500 92491.0
61800 92643.0
62100 92780.0
62400 93069.0
62700 93764.0
63000 93926.0
63300 96833.0
63600 97035.0
63900 97167.0
64200 97278.0
64500 97377.0
64800 97498.0
65100 97628.0
65400 97751.0
65700 97865.0
66000 97962.0
66300 98077.0
66600 98208.0
66900 98333.0
67200 98478.0
67500 101213.0
67800 103415.0
68100 104675.0
68400 105154.0
68700 105390.0
69000 105614.0
69300 105903.0
69600 106087.0
69900 106345.0
70200 106519.0
70500 106637.0
70800 107215.0
71100 107474.0
71400 107739.0
71700 107836.0
72000 111026.0
72300 113212.0
72600 113549.0
72900 114469.0
73200 115507.0
73500 116249.0
73800 116404.0
74100 116548.0
74400 116960.0
74700 117103.0
75000 117230.0
75300 117465.0
75600 118257.0
75900 118490.0
76200 118618.0
76500 118769.0
76800 119547.0
77100 122003.0
77400 123436.0
77700 124290.0
78000 124608.0
78300 125078.0
78600 125431.0
78900 125604.0
79200 128211.0
79500 130615.0
79800 131439.0
80100 131584.0
80400 131710.0
80700 131854.0
81000 131967.0
81300 132089.0
81600 132803.0
81900 132921.0
82200 137817.0
82500 138320.0
82800 138692.0
83100 138994.0
83400 139167.0
83700 139321.0
84000 139457.0
84300 139613.0
84600 139837.0
84900 139993.0
85200 140166.0
85500 140322.0
85800 140481.0
86100 140622.0
86400 140760.0
86700 140838.0
