300 149989.0
600 255874.0
900 371658.0
1200 472045.0
1500 579066.0
1800 675375.0
2100 753101.0
2400 823291.0
2700 899019.0
3000 962203.0
3300 1021729.0
3600 1074970.0
3900 1133857.0
4200 1184495.0
4500 1237084.0
4800 1290777.0
5100 1341697.0
5400 1380992.0
5700 1415792.0
6000 1462859.0
6300 1510457.0
6600 1557798.0
6900 1595766.0
7200 1629191.0
7500 1662443.0
7800 1693675.0
8100 1730793.0
8400 1759885.0
8700 1792872.0
9000 1818830.0
9300 1841753.0
9600 1865375.0
9900 1894917.0
10200 1922541.0
10500 1945550.0
10800 1969745.0
11100 1987843.0
11400 2004733.0
11700 2026702.0
12000 2044023.0
12300 2062007.0
12600 2078740.0
12900 2093895.0
13200 2112646.0
13500 2130710.0
13800 2145014.0
14100 2157330.0
14400 2169423.0
14700 2182671.0
15000 2197773.0
15300 2212458.0
15600 2222932.0
15900 2234242.0
16200 2244641.0
16500 2261868.0
16800 2278049.0
17100 2291001.0
17400 2302065.0
17700 2315455.0
18000 2323473.0
18300 2332375.0
18600 2340736.0
18900 2350526.0
19200 2358834.0
19500 2367226.0
19800 2377870.0
20100 2389389.0
20400 2406012.0
20700 2419046.0
21000 2434338.0
21300 2441272.0
21600 2450360.0
21900 2462403.0
22200 2470081.0
22500 2478042.0
22800 2485881.0
23100 2496295.0
23400 2506572.0
23700 2516463.0
24000 2530092.0
24300 2542547.0
24600 2551498.0
24900 2560113.0
25200 2570221.0
25500 2580633.0
25800 2587111.0
26100 2595187.0
26400 2602213.0
26700 2610146.0
27000 2618629.0
27300 2625569.0
27600 2632825.0
27900 2639967.0
28200 2648038.0
28500 2794356.0
28800 2889406.0
29100 2903258.0
29400 2913819.0
29700 2922869.0
30000 2930577.0
30300 2938517.0
30600 2945759.0
30900 2953916.0
31200 2962307.0
31500 2969302.0
31800 2975287.0
32100 2981422.0
32400 2986792.0
32700 2992200.0
33000 2997526.0
33300 3002587.0
33600 3007350.0
33900 3062260.0
34200 3087017.0
34500 3098489.0
34800 3116798.0
35100 3130438.0
35400 3136010.0
35700 3143418.0
36000 3149710.0
36300 3155664.0
36600 3163063.0
36900 3167452.0
37200 3171989.0
37500 3175621.0
37800 3180616.0
38100 3185050.0
38400 3192119.0
38700 3200297.0
39000 3205118.0
39300 3212021.0
39600 3216743.0
39900 3221376.0
40200 3225253.0
40500 3229762.0
40800 3234490.0
41100 3238499.0
41400 3242461.0
41700 3248984.0
42000 3254137.0
42300 3259754.0
42600 3265225.0
42900 3269901.0
43200 3278107.0
43500 3282480.0
43800 3286148.0
44100 3289408.0
44400 3293120.0
44700 3296840.0
45000 3300279.0
45300 3304360.0
45600 3311333.0
45900 3315516.0
46200 3340846.0
46500 3846518.0
46800 3998577.0
47100 4071213.0
47400 4241339.0
47700 4435599.0
48000 4575604.0
48300 4756072.0
48600 4958819.0
48900 5171823.0
49200 5407747.0
49500 5656819.0
49800 5929396.0
50100 6159174.0
50400 6387367.0
50700 6571690.0
51000 6833722.0
51300 7044691.0
51600 7270728.0
51900 7353962.0
52200 7388401.0
52500 7405915.0
52800 7417969.0
53100 7423855.0
53400 7429415.0
53700 7434376.0
54000 7439116.0
54300 7444878.0
54600 7451001.0
54900 7457056.0
55200 7467340.0
55500 7476945.0
55800 7483484.0
56100 7493754.0
56400 7505029.0
56700 7517583.0
57000 7524134.0
57300 7533130.0
57600 7544636.0
57900 7556614.0
58200 7565753.0
58500 7576754.0
58800 7592868.0
59100 7605369.0
59400 7614773.0
59700 7626091.0
60000 7642247.0
60300 7655527.0
60600 7671709.0
60900 7691337.0
61200 7705807.0
61500 7722055.0
61800 7741936.0
62100 7758341.0
62400 7777027.0
62700 7797673.0
63000 7816248.0
63300 7835749.0
63600 7855740.0
63900 7877821.0
64200 7898827.0
64500 7922954.0
64800 7940308.0
65100 7959845.0
65400 7980687.0
65700 7999399.0
66000 8026438.0
66300 8050905.0
66600 8067446.0
66900 8099814.0
67200 8131051.0
67500 8152941.0
67800 8175158.0
68100 8207010.0
68400 8232673.0
68700 8259486.0
69000 8283603.0
69300 8309242.0
69600 8349348.0
69900 8401259.0
70200 8423191.0
70500 8452208.0
70800 8474844.0
71100 8497485.0
71400 8519973.0
71700 8546430.0
72000 8569154.0
72300 8591180.0
72600 8621025.0
72900 8648505.0
73200 8671293.0
73500 8697024.0
73800 8709597.0
74100 8725513.0
74400 8743233.0
74700 8762004.0
75000 8779634.0
75300 8795211.0
75600 8809565.0
75900 8825678.0
76200 8843789.0
76500 8858772.0
76800 8879105.0
77100 8895924.0
77400 8910915.0
77700 8927328.0
78000 8944225.0
78300 8957875.0
78600 8972523.0
78900 8989189.0
79200 9012522.0
79500 9034505.0
79800 9059997.0
80100 9080577.0
80400 9106563.0
80700 9130177.0
81000 9144903.0
81300 9166564.0
81600 9183400.0
81900 9204549.0
82200 9222740.0
82500 9242366.0
82800 9256930.0
83100 9278910.0
83400 9298042.0
83700 9317006.0
84000 9338950.0
84300 9361408.0
84600 9377699.0
84900 9402303.0
85200 9429136.0
85500 9446563.0
85800 9485375.0
86100 9515106.0
86400 9532687.0
86700 9550703.0
87000 9559605.0
