300 666.0
600 1142.0
900 1729.0
1200 2090.0
1500 2449.0
1800 2763.0
2100 3221.0
2400 3548.0
2700 3821.0
3000 4092.0
3300 4449.0
3600 4762.0
3900 5150.0
4200 5383.0
4500 5625.0
4800 6002.0
5100 6266.0
5400 6516.0
5700 6793.0
6000 7054.0
6300 7353.0
6600 7599.0
6900 7903.0
7200 8127.0
7500 8427.0
7800 8657.0
8100 8874.0
8400 9133.0
8700 9416.0
9000 9687.0
9300 9929.0
9600 10138.0
9900 10341.0
10200 10595.0
10500 11123.0
10800 11464.0
11100 11724.0
11400 11960.0
11700 12152.0
12000 12354.0
12300 12640.0
12600 12943.0
12900 13264.0
13200 13525.0
13500 13757.0
13800 14199.0
14100 14558.0
14400 14839.0
14700 15134.0
15000 15387.0
15300 15649.0
15600 15932.0
15900 16234.0
16200 16521.0
16500 16836.0
16800 17117.0
17100 17412.0
17400 17691.0
17700 18031.0
18000 18343.0
18300 18648.0
18600 18938.0
18900 19200.0
19200 19471.0
19500 19716.0
19800 20070.0
20100 20334.0
20400 20597.0
20700 20823.0
21000 21062.0
21300 21312.0
21600 21549.0
21900 21842.0
22200 22110.0
22500 22340.0
22800 22548.0
23100 22776.0
23400 22990.0
23700 23218.0
24000 23412.0
24300 23628.0
24600 23856.0
24900 24082.0
25200 24263.0
25500 24455.0
25800 24640.0
26100 24817.0
26400 25016.0
26700 25219.0
27000 25417.0
27300 25585.0
27600 25743.0
27900 25905.0
28200 26081.0
28500 26268.0
28800 26452.0
29100 26650.0
29400 26827.0
29700 26995.0
30000 27190.0
30300 27387.0
30600 27585.0
30900 27765.0
31200 27966.0
31500 28140.0
31800 28327.0
32100 28543.0
32400 28739.0
32700 28949.0
33000 29155.0
33300 29305.0
33600 29433.0
33900 29554.0
34200 29659.0
34500 29789.0
34800 29894.0
35100 30036.0
35400 30164.0
35700 30281.0
36000 30399.0
36300 30542.0
36600 30656.0
36900 30791.0
37200 30939.0
37500 31091.0
37800 31217.0
38100 31359.0
38400 31508.0
38700 31694.0
39000 31843.0
39300 32000.0
39600 32156.0
39900 32314.0
40200 32426.0
40500 32553.0
40800 32730.0
41100 32854.0
41400 32997.0
41700 33187.0
42000 33320.0
42300 33460.0
42600 33606.0
42900 33754.0
43200 33902.0
43500 34048.0
43800 34182.0
44100 34301.0
44400 34410.0
44700 34656.0
45000 34773.0
45300 34889.0
45600 35012.0
45900 35133.0
46200 35267.0
46500 35411.0
46800 35550.0
47100 35716.0
47400 35825.0
47700 35946.0
48000 36094.0
48300 36211.0
48600 36363.0
48900 36485.0
49200 36599.0
49500 36717.0
49800 36900.0
50100 37043.0
50400 37171.0
50700 37320.0
51000 37451.0
51300 37623.0
51600 42565.0
51900 42850.0
52200 42973.0
52500 43114.0
52800 43286.0
53100 43425.0
53400 43580.0
53700 43743.0
54000 43876.0
54300 44033.0
54600 44168.0
54900 44342.0
55200 44524.0
55500 44689.0
55800 44831.0
56100 45022.0
56400 45173.0
56700 45323.0
57000 45471.0
57300 45627.0
57600 45760.0
57900 45923.0
58200 46100.0
58500 46249.0
58800 46385.0
59100 46519.0
59400 46707.0
59700 46884.0
60000 47045.0
60300 47189.0
60600 47361.0
60900 47516.0
61200 47553.0
61500 47583.0
61800 47652.0
62100 47681.0
62400 47705.0
62700 47735.0
63000 47809.0
63300 47849.0
63600 47898.0
63900 47956.0
64200 48009.0
64500 48042.0
64800 48066.0
65100 48110.0
65400 48140.0
65700 48167.0
66000 48191.0
66300 48213.0
66600 48263.0
66900 48304.0
67200 48330.0
67500 48362.0
67800 48399.0
68100 48444.0
68400 48476.0
68700 48510.0
69000 48549.0
69300 48589.0
69600 48627.0
69900 48666.0
70200 48701.0
70500 48729.0
70800 48760.0
71100 48799.0
71400 48842.0
71700 48877.0
72000 48923.0
72300 48959.0
72600 49019.0
72900 49063.0
73200 49086.0
73500 49133.0
73800 49159.0
74100 49194.0
74400 49220.0
74700 49250.0
75000 49315.0
75300 49339.0
75600 49370.0
75900 49406.0
76200 49435.0
76500 49485.0
76800 49510.0
77100 49601.0
77400 49661.0
77700 49691.0
78000 49722.0
78300 49773.0
78600 49837.0
78900 49868.0
79200 49909.0
79500 49941.0
79800 49978.0
80100 50009.0
80400 50055.0
80700 50090.0
81000 50120.0
81300 50141.0
81600 50171.0
81900 50231.0
82200 50312.0
82500 50350.0
82800 50385.0
83100 50428.0
83400 50498.0
83700 50525.0
84000 50572.0
84300 50611.0
84600 50658.0
84900 50698.0
85200 50735.0
85500 50762.0
85800 50814.0
86100 50845.0
86400 50893.0
86700 50903.0
