300 7008.0
600 13420.0
900 16461.0
1200 18389.0
1500 20328.0
1800 22797.0
2100 24353.0
2400 26037.0
2700 27966.0
3000 31614.0
3300 33763.0
3600 37221.0
3900 40450.0
4200 42583.0
4500 43941.0
4800 45176.0
5100 46661.0
5400 47964.0
5700 49370.0
6000 50737.0
6300 52062.0
6600 53428.0
6900 55921.0
7200 65998.0
7500 68341.0
7800 75054.0
8100 76506.0
8400 78086.0
8700 79181.0
9000 80380.0
9300 82456.0
9600 83623.0
9900 84526.0
10200 85692.0
10500 86758.0
10800 87846.0
11100 89481.0
11400 91658.0
11700 92527.0
12000 93643.0
12300 94898.0
12600 96046.0
12900 97056.0
13200 98326.0
13500 99473.0
13800 100456.0
14100 101506.0
14400 102476.0
14700 104519.0
15000 106344.0
15300 108522.0
15600 109816.0
15900 110983.0
16200 112102.0
16500 113235.0
16800 114286.0
17100 115288.0
17400 116536.0
17700 117731.0
18000 118987.0
18300 124151.0
18600 126500.0
18900 128144.0
19200 130429.0
19500 131875.0
19800 132949.0
20100 134766.0
20400 136112.0
20700 137259.0
21000 139079.0
21300 140331.0
21600 141518.0
21900 143577.0
22200 147440.0
22500 149548.0
22800 152428.0
23100 153811.0
23400 154989.0
23700 156556.0
24000 157845.0
24300 159114.0
24600 160475.0
24900 161763.0
25200 162880.0
25500 164736.0
25800 166809.0
26100 168006.0
26400 169314.0
26700 170765.0
27000 171906.0
27300 172936.0
27600 176258.0
27900 177603.0
28200 178491.0
28500 179501.0
28800 180333.0
29100 182139.0
29400 183609.0
29700 184660.0
30000 186329.0
30300 187397.0
30600 188336.0
30900 189897.0
31200 191112.0
31500 192186.0
31800 193735.0
32100 194687.0
32400 195817.0
32700 198421.0
33000 202209.0
33300 203543.0
33600 204760.0
33900 206649.0
34200 207894.0
34500 209273.0
34800 211373.0
35100 213012.0
35400 214575.0
35700 216817.0
36000 218318.0
36300 221424.0
36600 224084.0
36900 226374.0
37200 228229.0
37500 230355.0
37800 232358.0
38100 234453.0
38400 236457.0
38700 238563.0
39000 240335.0
39300 242296.0
39600 244136.0
39900 247087.0
40200 249894.0
40500 252718.0
40800 255962.0
41100 257799.0
41400 260039.0
41700 261723.0
42000 263677.0
42300 265781.0
42600 267718.0
42900 269304.0
43200 272019.0
43500 274459.0
43800 276817.0
44100 278500.0
44400 280006.0
44700 281385.0
45000 282843.0
45300 284130.0
45600 285627.0
45900 287488.0
46200 289038.0
46500 290240.0
46800 292032.0
47100 294319.0
47400 296525.0
47700 300735.0
48000 301976.0
48300 302937.0
48600 304933.0
48900 306339.0
49200 307550.0
49500 309779.0
49800 310946.0
50100 312234.0
50400 314236.0
50700 316005.0
51000 317855.0
51300 319442.0
51600 320630.0
51900 322401.0
52200 323631.0
52500 324617.0
52800 325799.0
53100 327045.0
53400 328169.0
53700 329399.0
54000 330696.0
54300 333679.0
54600 336570.0
54900 337885.0
55200 339008.0
55500 340090.0
55800 340810.0
56100 342012.0
56400 342952.0
56700 343922.0
57000 345087.0
57300 346211.0
57600 347120.0
57900 349886.0
58200 352800.0
58500 355657.0
58800 358287.0
59100 360986.0
59400 363918.0
59700 365155.0
60000 366396.0
60300 367823.0
60600 369062.0
60900 370150.0
61200 371707.0
61500 372014.0
