Total number of shelters: 3619
30 0
60 0
90 0
120 0
150 0
180 0
210 0
240 0
270 0
300 0
330 0
360 0
390 0
420 0
450 0
480 0
510 0
540 0
570 0
600 0
630 0
660 0
690 0
720 0
750 0
780 0
810 0
840 0
870 0
900 0
930 0
960 0
990 0
1020 0
1050 0
1080 0
1110 0
1140 0
1170 0
1200 0
1230 0
1260 0
1290 0
1320 0
1350 0
1380 0
1410 0
1440 0
1470 0
1500 0
1530 0
1560 0
1590 0
1620 0
1650 0
1680 0
1710 0
1740 0
1770 0
1800 0
1830 0
1860 0
1890 0
1920 0
1950 0
1980 0
2010 0
2040 0
2070 0
2100 0
2130 0
2160 0
2190 0
2220 0
2250 0
2280 0
2310 0
2340 0
2370 0
2400 0
2430 0
2460 0
2490 0
2520 0
2550 0
2580 0
2610 0
2640 0
2670 0
2700 0
2730 0
2760 0
2790 0
2820 0
2850 0
2880 0
2910 1
2940 2
2970 3
3000 5
3030 6
3060 7
3090 7
3120 7
3150 10
3180 10
3210 10
3240 11
3270 12
3300 12
3330 13
3360 13
3390 14
3420 16
3450 16
3480 16
3510 16
3540 17
3570 18
3600 19
3630 20
3660 20
3690 20
3720 20
3750 20
3780 20
3810 23
3840 24
3870 24
3900 24
3930 24
3960 24
3990 24
4020 24
4050 24
4080 73
4110 101
4140 101
4170 101
4200 101
4230 101
4260 101
4290 101
4320 101
4350 101
4380 101
4410 101
4440 101
4470 101
4500 101
4530 101
4560 101
