Total number of shelters: 184
300 0
600 0
900 1
1200 1
1500 2
1800 3
2100 4
2400 5
2700 5
3000 6
3300 7
3600 8
3900 8
4200 8
4500 9
4800 9
5100 9
5400 11
5700 11
6000 12
6300 13
6600 13
6900 14
7200 19
7500 19
7800 31
8100 32
8400 34
8700 34
9000 35
9300 36
9600 36
9900 37
10200 38
10500 38
10800 39
11100 40
11400 41
11700 41
12000 41
12300 42
12600 43
12900 45
13200 47
13500 48
13800 48
14100 49
14400 50
14700 53
15000 53
15300 54
15600 54
15900 54
16200 56
16500 56
16800 57
17100 57
17400 57
17700 58
18000 58
18300 60
18600 61
18900 62
19200 62
19500 63
19800 63
20100 65
20400 66
20700 67
21000 68
21300 69
21600 70
21900 70
22200 70
22500 70
22800 72
23100 72
23400 72
23700 75
24000 76
24300 76
24600 78
24900 79
25200 82
25500 84
25800 85
26100 85
26400 87
26700 88
27000 89
27300 90
27600 94
27900 95
28200 96
28500 96
28800 97
29100 98
29400 99
29700 99
30000 99
30300 101
30600 102
30900 102
31200 103
31500 103
31800 104
32100 106
32400 107
32700 107
33000 107
33300 108
33600 109
33900 110
34200 111
34500 112
34800 113
35100 114
35400 116
35700 119
36000 120
36300 122
36600 122
36900 122
37200 123
37500 125
37800 126
38100 126
38400 127
38700 128
39000 128
39300 129
39600 131
39900 132
40200 133
40500 135
40800 135
41100 135
41400 138
41700 138
42000 139
42300 140
42600 142
42900 142
43200 144
43500 146
43800 148
44100 149
44400 152
44700 153
45000 153
45300 154
45600 156
45900 157
46200 158
46500 160
46800 161
47100 162
47400 163
47700 165
48000 166
48300 170
48600 173
48900 0
49200 0
49500 0
49800 0
50100 1
50400 1
50700 1
51000 3
51300 3
51600 4
51900 4
52200 5
52500 5
52800 6
53100 6
53400 7
53700 8
54000 8
54300 9
54600 9
54900 10
55200 11
55500 11
55800 11
56100 12
56400 13
56700 14
57000 14
57300 14
57600 15
57900 15
58200 17
58500 18
58800 18
59100 20
59400 21
59700 23
60000 23
60300 25
60600 27
60900 28
61200 28
61500 29
