Total number of shelters: 732
300 1
600 1
900 3
1200 4
1500 6
1800 8
2100 10
2400 10
2700 11
3000 13
3300 15
3600 15
3900 18
4200 20
4500 20
4800 23
5100 27
5400 31
5700 32
6000 33
6300 36
6600 37
6900 41
7200 42
7500 44
7800 45
8100 47
8400 49
8700 52
9000 52
9300 53
9600 55
9900 60
10200 61
10500 62
10800 63
11100 63
11400 63
11700 64
12000 64
12300 65
12600 72
12900 73
13200 74
13500 76
13800 79
14100 80
14400 81
14700 82
15000 86
15300 87
15600 89
15900 93
16200 95
16500 98
16800 99
17100 101
17400 104
17700 108
18000 110
18300 111
18600 113
18900 114
19200 115
19500 118
19800 119
20100 121
20400 122
20700 122
21000 124
21300 127
21600 127
21900 131
22200 132
22500 134
22800 138
23100 142
23400 149
23700 153
24000 156
24300 158
24600 163
24900 166
25200 168
25500 170
25800 172
26100 174
26400 177
26700 179
27000 184
27300 187
27600 188
27900 190
28200 193
28500 195
28800 199
29100 202
29400 205
29700 208
30000 213
30300 215
30600 216
30900 221
31200 224
31500 225
31800 231
32100 233
32400 239
32700 245
33000 250
33300 252
33600 255
33900 257
34200 259
34500 263
34800 267
35100 269
35400 272
35700 276
36000 280
36300 285
36600 288
36900 292
37200 294
37500 298
37800 301
38100 303
38400 305
38700 307
39000 312
39300 317
39600 323
39900 325
40200 330
40500 335
40800 342
41100 345
41400 347
41700 352
42000 354
42300 357
42600 359
42900 361
43200 367
43500 372
43800 372
44100 376
44400 379
44700 383
45000 384
45300 386
45600 389
45900 392
46200 394
46500 398
46800 400
47100 403
47400 405
47700 407
48000 412
48300 417
48600 419
48900 423
49200 425
49500 429
49800 431
50100 434
50400 435
50700 437
51000 441
51300 445
51600 451
51900 454
52200 455
52500 458
52800 458
53100 460
53400 463
53700 470
54000 473
54300 476
54600 477
54900 480
55200 482
