Total number of shelters: 2061
300 0
600 0
900 0
1200 0
1500 0
1800 0
2100 0
2400 0
2700 0
3000 0
3300 0
3600 0
3900 0
4200 0
4500 0
4800 0
5100 0
5400 0
5700 0
6000 0
6300 0
6600 0
6900 0
7200 0
7500 0
7800 0
8100 0
8400 0
8700 0
9000 0
9300 0
9600 0
9900 0
10200 0
10500 0
10800 0
11100 0
11400 0
11700 0
12000 0
12300 0
12600 0
12900 0
13200 0
13500 0
13800 0
14100 0
14400 0
14700 0
15000 0
15300 0
15600 0
15900 0
16200 0
16500 0
16800 0
17100 0
17400 0
17700 0
18000 0
18300 0
18600 0
18900 0
19200 0
19500 0
19800 0
20100 0
20400 0
20700 0
21000 0
21300 0
21600 0
21900 0
22200 0
22500 0
22800 0
23100 0
23400 0
23700 0
24000 0
24300 0
24600 0
24900 0
25200 0
25500 0
25800 0
26100 0
26400 0
26700 0
27000 0
27300 0
27600 0
27900 0
28200 0
28500 0
28800 0
29100 0
29400 0
29700 0
30000 1
30300 1
30600 1
30900 1
31200 1
31500 1
31800 1
32100 1
32400 1
32700 1
33000 1
33300 1
33600 1
33900 1
34200 1
34500 2
34800 2
35100 2
35400 2
35700 2
36000 2
36300 2
36600 2
36900 2
37200 2
37500 2
37800 2
38100 2
38400 2
38700 2
39000 2
39300 2
39600 3
39900 3
40200 3
40500 3
40800 3
41100 3
41400 3
41700 3
42000 3
42300 3
42600 3
42900 3
43200 3
43500 3
43800 3
44100 3
44400 3
44700 3
45000 3
45300 3
45600 3
45900 3
46200 3
46500 3
46800 3
47100 3
47400 3
47700 3
48000 3
48300 3
48600 3
48900 3
49200 3
49500 3
49800 3
50100 3
50400 3
50700 3
51000 3
51300 3
51600 3
51900 3
52200 3
52500 3
52800 3
53100 3
53400 3
53700 3
54000 3
54300 3
54600 3
54900 3
55200 3
55500 3
55800 3
56100 3
56400 3
56700 3
57000 3
57300 3
57600 3
57900 3
58200 3
58500 3
58800 4
59100 4
59400 4
59700 4
60000 4
60300 4
60600 4
60900 4
61200 4
61500 4
61800 4
62100 4
62400 4
62700 4
63000 4
63300 4
63600 4
63900 4
64200 4
64500 4
64800 4
65100 4
65400 4
65700 4
66000 4
66300 4
66600 4
66900 4
67200 4
67500 4
67800 4
68100 4
68400 4
68700 4
69000 4
69300 4
69600 4
69900 4
70200 4
70500 4
70800 4
71100 4
71400 4
71700 4
72000 4
72300 4
72600 4
72900 4
73200 4
73500 4
73800 4
74100 4
74400 4
74700 4
75000 4
75300 4
75600 4
75900 4
76200 4
76500 4
76800 4
77100 4
77400 4
77700 4
78000 4
78300 4
78600 4
78900 5
79200 5
79500 5
79800 5
80100 5
80400 5
80700 5
81000 5
81300 5
81600 5
81900 5
82200 5
82500 5
82800 5
83100 5
83400 5
83700 5
84000 5
84300 5
84600 5
84900 5
85200 5
85500 5
85800 5
86100 5
86400 5
86700 5
