Total number of shelters: 3619
30 0
60 0
90 0
120 0
150 0
180 0
210 0
240 0
270 0
300 0
330 0
360 0
390 0
420 0
450 0
480 0
510 0
540 0
570 0
600 0
630 0
660 0
690 0
720 0
750 0
780 0
810 0
840 0
870 0
900 0
930 0
960 0
990 0
1020 0
1050 0
1080 0
1110 0
1140 0
1170 0
1200 0
1230 0
1260 0
1290 0
1320 0
1350 0
1380 0
1410 0
1440 0
1470 0
1500 0
1530 0
1560 0
1590 0
1620 0
1650 0
1680 0
1710 0
1740 0
1770 0
1800 0
1830 0
1860 0
1890 0
1920 0
1950 0
1980 0
2010 0
2040 0
2070 0
2100 0
2130 0
2160 0
2190 0
2220 0
2250 0
2280 0
2310 0
2340 0
2370 0
2400 0
2430 0
2460 0
2490 0
2520 0
2550 0
2580 0
2610 0
2640 0
2670 0
2700 0
2730 0
2760 0
2790 0
2820 0
2850 0
2880 0
2910 0
2940 3
2970 3
3000 4
3030 4
3060 4
3090 4
3120 5
3150 5
3180 5
3210 7
3240 9
3270 12
3300 13
3330 14
3360 15
3390 15
3420 15
3450 16
3480 16
3510 16
3540 17
3570 17
3600 18
3630 18
3660 18
3690 18
3720 19
3750 19
3780 19
3810 19
3840 21
3870 21
3900 21
3930 21
3960 21
3990 21
4020 21
4050 21
4080 93
4110 134
4140 134
4170 134
4200 134
4230 134
4260 134
4290 134
4320 134
4350 134
4380 134
4410 134
4440 134
4470 134
4500 134
4530 134
4560 134
