Total number of shelters: 99
300 0
600 0
900 0
1200 0
1500 0
1800 0
2100 0
2400 0
2700 0
3000 0
3300 0
3600 1
3900 1
4200 1
4500 1
4800 1
5100 1
5400 3
5700 4
6000 6
6300 6
6600 6
6900 6
7200 7
7500 7
7800 8
8100 8
8400 8
8700 8
9000 8
9300 10
9600 10
9900 10
10200 10
10500 10
10800 10
11100 12
11400 15
11700 16
12000 17
12300 18
12600 18
12900 18
13200 21
13500 21
13800 21
14100 22
14400 23
14700 23
15000 25
15300 25
15600 25
15900 25
16200 27
16500 28
16800 28
17100 28
17400 29
17700 31
18000 31
18300 31
18600 31
18900 31
19200 31
19500 33
19800 34
20100 34
20400 36
20700 37
21000 37
21300 37
21600 38
21900 39
