Total number of shelters: 1910
300 1
600 1
900 4
1200 8
1500 12
1800 21
2100 27
2400 42
2700 52
3000 68
3300 87
3600 105
3900 139
4200 167
4500 204
4800 230
5100 277
5400 316
5700 351
6000 396
6300 447
6600 488
6900 515
7200 559
7500 587
7800 615
8100 647
8400 677
8700 712
9000 755
9300 796
9600 819
9900 847
10200 872
10500 894
10800 919
11100 952
11400 980
11700 1012
12000 1034
12300 1068
12600 1098
12900 1117
13200 1148
13500 1182
13800 1209
14100 1256
14400 1305
14700 1343
15000 1401
15300 1483
15600 1630
15900 0
16200 0
16500 0
16800 1
17100 4
17400 6
17700 11
18000 13
18300 17
18600 22
18900 30
19200 40
19500 45
19800 54
20100 71
20400 81
20700 85
21000 100
21300 117
21600 133
21900 140
