Total number of shelters: 1149
300 4
600 11
900 17
1200 22
1500 34
1800 40
2100 50
2400 55
2700 65
3000 73
3300 83
3600 89
3900 96
4200 103
4500 111
4800 119
5100 125
5400 134
5700 142
6000 148
6300 155
6600 160
6900 169
7200 174
7500 181
7800 186
8100 191
8400 198
8700 205
9000 210
9300 219
9600 223
9900 229
10200 238
10500 243
10800 250
11100 254
11400 260
11700 264
12000 271
12300 277
12600 282
12900 285
13200 292
13500 296
13800 304
14100 308
14400 312
14700 316
15000 321
15300 328
15600 333
15900 340
16200 345
16500 347
16800 352
17100 357
17400 364
17700 366
18000 374
18300 380
18600 383
18900 389
19200 393
19500 397
19800 402
20100 411
20400 416
20700 420
21000 424
21300 429
21600 434
21900 436
