Total number of shelters: 5389
300 1
600 1
900 2
1200 3
1500 4
1800 5
2100 6
2400 7
2700 9
3000 10
3300 13
3600 14
3900 14
4200 16
4500 17
4800 22
5100 26
5400 30
5700 32
6000 34
6300 41
6600 43
6900 47
7200 49
7500 53
7800 57
8100 58
8400 60
8700 62
9000 68
9300 75
9600 76
9900 80
10200 81
10500 83
10800 88
11100 91
11400 98
11700 102
12000 105
12300 108
12600 109
12900 112
13200 122
13500 128
13800 130
14100 133
14400 134
14700 134
15000 136
15300 140
15600 143
15900 146
16200 148
16500 155
16800 157
17100 165
17400 169
17700 171
18000 174
18300 177
18600 179
18900 183
19200 185
19500 188
19800 188
20100 191
20400 195
20700 199
21000 204
21300 205
21600 205
21900 205
22200 206
22500 206
22800 207
23100 208
23400 214
23700 221
24000 222
24300 223
24600 226
24900 229
25200 230
25500 232
25800 234
26100 241
26400 245
26700 248
27000 251
27300 254
27600 259
27900 262
28200 265
28500 271
28800 279
29100 281
29400 282
29700 285
30000 286
30300 286
30600 288
30900 290
31200 294
31500 294
31800 295
32100 301
32400 305
32700 306
33000 306
33300 306
33600 309
33900 312
34200 312
34500 314
34800 317
35100 320
35400 320
35700 323
36000 324
36300 326
36600 326
36900 330
37200 332
37500 332
37800 336
38100 336
38400 337
38700 337
39000 340
39300 340
39600 344
39900 345
40200 346
40500 348
40800 351
41100 353
41400 353
41700 356
42000 360
42300 361
42600 362
42900 363
43200 363
43500 365
43800 369
44100 369
44400 373
44700 377
45000 379
45300 381
45600 382
45900 384
46200 386
46500 397
46800 402
47100 402
47400 405
47700 411
48000 411
48300 413
48600 414
48900 420
49200 420
49500 426
49800 432
50100 438
50400 443
50700 444
51000 462
51300 474
51600 484
51900 491
52200 493
52500 494
52800 495
53100 498
53400 498
53700 499
54000 505
54300 508
54600 511
54900 514
55200 515
55500 520
55800 521
56100 527
56400 528
56700 535
57000 545
57300 552
57600 558
57900 564
58200 571
58500 575
58800 582
59100 587
59400 588
59700 590
60000 595
60300 599
60600 610
60900 620
61200 623
61500 630
61800 632
62100 637
62400 644
62700 652
63000 661
63300 665
63600 672
63900 679
64200 685
64500 695
64800 708
65100 718
65400 724
65700 735
66000 749
66300 761
66600 768
66900 780
67200 796
67500 802
67800 816
68100 834
68400 849
68700 858
69000 864
69300 872
69600 880
69900 898
70200 911
70500 919
70800 931
71100 949
71400 966
71700 980
72000 993
72300 1002
72600 1015
72900 1025
73200 1039
73500 1049
73800 1062
74100 1075
74400 1089
74700 1099
75000 1107
75300 1119
75600 1132
75900 1139
76200 1145
76500 1156
76800 1170
77100 1179
77400 1186
77700 1196
78000 1205
78300 1214
78600 1223
78900 1237
79200 1255
79500 1271
79800 1287
80100 1299
80400 1316
80700 1332
81000 1337
81300 1350
81600 1366
81900 1376
82200 1385
82500 1401
82800 1409
83100 1430
83400 1437
83700 1455
84000 1464
84300 1480
84600 1491
84900 1517
85200 1527
85500 1542
85800 1559
86100 1573
86400 1587
86700 1599
87000 1601
