Total number of shelters: 281
300 0
600 0
900 0
1200 0
1500 0
1800 0
2100 0
2400 0
2700 0
3000 0
3300 0
3600 0
3900 0
4200 0
4500 0
4800 0
5100 0
5400 0
5700 0
6000 0
6300 0
6600 0
6900 0
7200 0
7500 0
7800 0
8100 0
8400 0
8700 0
9000 0
9300 0
9600 0
9900 0
10200 0
10500 0
10800 0
11100 0
11400 0
11700 0
12000 0
12300 0
12600 0
12900 0
13200 0
13500 0
13800 0
14100 0
14400 0
14700 0
15000 0
15300 0
15600 0
15900 0
16200 0
16500 0
16800 0
17100 0
17400 0
17700 0
18000 0
18300 0
18600 0
18900 0
19200 0
19500 0
19800 0
20100 0
20400 0
20700 0
21000 0
21300 0
21600 0
21900 0
22200 1
22500 1
22800 1
23100 1
23400 1
23700 1
24000 1
24300 1
24600 1
24900 1
25200 1
25500 1
25800 1
26100 1
26400 1
26700 1
27000 1
27300 1
27600 1
27900 1
28200 1
28500 1
28800 1
29100 1
29400 1
29700 1
30000 1
30300 1
30600 1
30900 1
31200 1
31500 1
31800 1
32100 1
32400 1
32700 1
33000 1
33300 1
33600 1
33900 1
34200 1
34500 1
34800 1
35100 1
35400 1
35700 1
36000 1
36300 1
36600 1
36900 1
37200 1
37500 1
37800 1
38100 1
38400 1
38700 1
39000 1
39300 1
39600 1
39900 1
40200 1
40500 1
40800 1
41100 1
41400 1
41700 1
42000 1
42300 1
42600 1
42900 1
43200 1
43500 1
43800 1
44100 1
44400 1
44700 1
45000 1
45300 1
45600 1
45900 2
46200 3
46500 5
46800 6
47100 6
47400 6
47700 8
48000 9
48300 9
48600 11
48900 12
49200 13
49500 13
49800 13
50100 13
50400 13
50700 13
51000 14
51300 14
51600 14
51900 14
52200 14
52500 14
52800 14
53100 14
53400 15
53700 15
54000 15
54300 15
54600 15
54900 15
55200 15
55500 15
55800 15
56100 15
56400 16
56700 16
57000 16
57300 16
57600 16
57900 16
58200 17
58500 18
58800 19
59100 21
59400 22
59700 23
60000 23
60300 23
60600 23
60900 23
61200 23
61500 23
