Total number of shelters: 516
300 10
600 21
900 28
1200 41
1500 57
1800 71
2100 81
2400 88
2700 94
3000 110
3300 125
3600 142
3900 158
4200 171
4500 181
4800 195
5100 208
5400 219
5700 229
6000 238
6300 247
6600 270
6900 285
7200 295
7500 305
7800 313
8100 316
8400 336
8700 346
9000 373
9300 383
9600 392
9900 400
10200 418
10500 433
10800 447
11100 461
11400 475
11700 490
12000 8
12300 19
12600 30
12900 38
13200 44
13500 50
13800 59
14100 69
14400 78
14700 88
15000 97
15300 106
15600 121
15900 131
16200 139
16500 144
16800 148
17100 153
17400 163
17700 175
18000 186
18300 199
18600 211
18900 221
19200 234
19500 244
19800 254
20100 262
20400 270
20700 276
21000 291
21300 307
21600 322
21900 328
