Total number of shelters: 2231
300 0
600 0
900 0
1200 0
1500 0
1800 0
2100 0
2400 0
2700 0
3000 0
3300 0
3600 0
3900 0
4200 0
4500 0
4800 0
5100 0
5400 0
5700 0
6000 0
6300 0
6600 0
6900 0
7200 0
7500 0
7800 0
8100 0
8400 0
8700 0
9000 0
9300 0
9600 0
9900 0
10200 0
10500 0
10800 0
11100 0
11400 1
11700 1
12000 1
12300 1
12600 1
12900 1
13200 1
13500 1
13800 1
14100 1
14400 1
14700 1
15000 1
15300 1
15600 1
15900 1
16200 1
16500 1
16800 1
17100 1
17400 1
17700 1
18000 1
18300 1
18600 1
18900 1
19200 1
19500 1
19800 1
20100 1
20400 2
20700 2
21000 2
21300 2
21600 2
21900 2
22200 2
22500 2
22800 2
23100 2
23400 2
23700 2
24000 2
24300 2
24600 2
24900 2
25200 2
25500 2
25800 2
26100 2
26400 2
26700 2
27000 2
27300 2
27600 2
27900 2
28200 2
28500 2
28800 2
29100 2
29400 2
29700 2
30000 2
30300 2
30600 2
30900 4
31200 5
31500 5
31800 5
32100 5
32400 5
32700 5
33000 5
33300 5
33600 5
33900 5
34200 5
34500 5
34800 5
35100 5
35400 5
35700 5
36000 5
36300 5
36600 5
36900 5
37200 5
37500 5
37800 5
38100 5
38400 5
38700 5
39000 5
39300 5
39600 5
39900 5
40200 5
40500 5
40800 5
41100 5
41400 5
41700 5
42000 5
42300 5
42600 5
42900 5
43200 5
43500 5
43800 5
44100 5
44400 5
44700 5
45000 5
45300 5
45600 5
45900 5
46200 5
46500 5
46800 5
47100 5
47400 5
47700 5
48000 5
48300 5
48600 5
48900 5
49200 5
49500 5
49800 5
50100 5
50400 5
50700 5
51000 5
51300 6
51600 6
51900 6
52200 6
52500 6
52800 6
53100 6
53400 6
53700 6
54000 6
54300 6
54600 6
54900 6
55200 6
55500 6
55800 6
56100 6
56400 6
56700 6
57000 6
57300 6
57600 6
57900 6
58200 6
58500 6
58800 6
59100 6
59400 6
59700 6
60000 6
60300 6
60600 6
60900 6
61200 6
61500 6
61800 6
62100 6
62400 6
62700 6
63000 6
63300 6
63600 6
63900 6
64200 6
64500 6
64800 6
65100 6
65400 6
65700 6
66000 6
66300 6
66600 6
66900 6
67200 6
67500 6
67800 6
68100 6
68400 6
68700 6
69000 6
69300 6
69600 6
69900 6
70200 6
70500 6
70800 6
71100 6
71400 6
71700 6
72000 6
72300 6
72600 6
72900 6
73200 6
73500 6
73800 6
74100 6
74400 6
74700 6
75000 6
75300 6
75600 6
75900 6
76200 6
76500 6
76800 6
77100 6
77400 6
77700 6
78000 6
78300 6
78600 6
78900 6
79200 6
79500 6
79800 6
80100 6
80400 6
80700 6
81000 6
81300 6
81600 6
81900 6
82200 6
82500 6
82800 6
83100 6
83400 6
83700 6
84000 6
84300 6
84600 6
84900 6
85200 6
85500 6
85800 6
86100 6
86400 6
86700 6
