Total number of shelters: 641
30 0
60 0
90 0
120 0
150 0
180 0
210 0
240 0
270 0
300 0
330 0
360 0
390 0
420 1
450 1
480 1
510 1
540 1
570 1
600 1
630 1
660 1
690 2
720 3
750 3
780 3
810 3
840 3
870 3
900 3
930 3
960 3
990 4
1020 4
1050 4
1080 4
1110 4
1140 4
1170 4
1200 4
1230 4
1260 7
1290 7
1320 7
1350 7
1380 7
1410 7
1440 7
1470 7
1500 8
1530 8
1560 8
1590 8
1620 8
1650 8
1680 8
1710 9
1740 9
1770 11
1800 11
1830 11
1860 11
1890 11
1920 11
1950 12
1980 12
2010 12
2040 12
2070 12
2100 12
2130 12
2160 13
2190 13
2220 14
2250 15
2280 15
2310 15
2340 15
2370 16
2400 16
2430 16
2460 16
2490 16
2520 16
2550 16
2580 17
2610 17
2640 17
2670 17
2700 17
2730 19
2760 19
2790 19
2820 20
2850 20
2880 20
2910 20
2940 20
2970 20
3000 20
3030 21
3060 21
3090 21
3120 21
3150 21
3180 23
3210 23
3240 24
3270 24
3300 24
3330 24
3360 24
3390 24
3420 24
3450 25
3480 25
3510 25
3540 25
3570 25
3600 25
3630 25
3660 27
3690 28
3720 28
3750 28
3780 28
3810 28
3840 28
3870 28
3900 29
3930 29
3960 29
3990 29
4020 29
4050 29
4080 29
4110 29
4140 29
4170 29
4200 29
4230 29
4260 29
4290 29
4320 29
4350 29
4380 29
4410 29
4440 29
4470 29
4500 29
4530 29
