Total number of shelters: 1139
300 0
600 0
900 0
1200 0
1500 0
1800 0
2100 0
2400 0
2700 0
3000 0
3300 0
3600 0
3900 0
4200 0
4500 0
4800 0
5100 0
5400 0
5700 0
6000 0
6300 0
6600 0
6900 0
7200 0
7500 0
7800 0
8100 0
8400 0
8700 0
9000 0
9300 0
9600 0
9900 0
10200 0
10500 0
10800 0
11100 0
11400 0
11700 0
12000 0
12300 0
12600 0
12900 0
13200 0
13500 0
13800 0
14100 0
14400 0
14700 0
15000 0
15300 0
15600 0
15900 0
16200 0
16500 0
16800 0
17100 0
17400 0
17700 0
18000 0
18300 0
18600 0
18900 0
19200 0
19500 0
19800 0
20100 0
20400 0
20700 0
21000 0
21300 0
21600 0
21900 1
22200 1
22500 1
22800 1
23100 1
23400 1
23700 1
24000 2
24300 2
24600 2
24900 2
25200 2
25500 2
25800 2
26100 2
26400 2
26700 2
27000 2
27300 2
27600 2
27900 2
28200 3
28500 3
28800 3
29100 3
29400 3
29700 3
30000 3
30300 3
30600 3
30900 3
31200 3
31500 3
31800 3
32100 3
32400 3
32700 3
33000 4
33300 4
33600 4
33900 4
34200 5
34500 5
34800 5
35100 5
35400 6
35700 6
36000 6
36300 6
36600 6
36900 7
37200 7
37500 8
37800 8
38100 8
38400 8
38700 8
39000 10
39300 10
39600 10
39900 11
40200 11
40500 11
40800 11
41100 11
41400 12
41700 12
42000 12
42300 12
42600 12
42900 12
43200 12
43500 12
43800 13
44100 13
44400 14
44700 15
45000 15
45300 15
45600 15
45900 16
46200 16
46500 16
46800 17
47100 17
47400 17
47700 17
48000 18
48300 18
48600 18
48900 21
49200 21
49500 21
49800 21
50100 21
50400 21
50700 21
51000 21
51300 22
51600 22
51900 23
52200 30
52500 36
52800 37
53100 37
53400 37
53700 38
54000 39
54300 39
54600 39
54900 39
55200 39
55500 39
55800 39
56100 39
56400 39
56700 39
57000 39
57300 39
57600 40
57900 41
58200 41
58500 41
58800 41
59100 41
59400 41
59700 41
60000 41
60300 41
60600 41
60900 41
61200 42
61500 42
61800 44
62100 44
62400 44
62700 44
63000 44
63300 44
63600 45
63900 45
64200 45
64500 45
64800 45
65100 46
65400 46
65700 46
66000 46
66300 46
66600 46
66900 46
67200 46
67500 46
67800 46
68100 46
68400 47
68700 48
69000 48
69300 49
69600 49
69900 49
70200 49
70500 49
70800 49
71100 49
71400 49
71700 49
72000 49
72300 49
72600 49
72900 49
73200 49
73500 49
73800 49
74100 50
74400 50
74700 50
75000 50
75300 50
75600 50
75900 50
76200 50
76500 50
76800 50
77100 50
77400 50
77700 50
78000 50
78300 51
78600 51
78900 51
79200 51
79500 51
79800 51
80100 51
80400 51
80700 51
81000 52
81300 52
81600 52
81900 53
82200 53
82500 53
82800 53
83100 53
83400 55
83700 55
84000 55
84300 55
84600 56
84900 56
85200 56
85500 58
85800 59
86100 59
86400 59
86700 59
