Total number of shelters: 10160
300 0
600 0
900 0
1200 0
1500 0
1800 0
2100 0
2400 0
2700 0
3000 0
3300 0
3600 0
3900 0
4200 0
4500 0
4800 1
5100 2
5400 2
5700 2
6000 2
6300 2
6600 2
6900 2
7200 2
7500 2
7800 2
8100 2
8400 2
8700 2
9000 2
9300 3
9600 3
9900 3
10200 3
10500 3
10800 3
11100 4
11400 4
11700 4
12000 4
12300 4
12600 4
12900 4
13200 4
13500 4
13800 4
14100 4
14400 5
14700 5
15000 5
15300 5
15600 5
15900 6
16200 6
16500 6
16800 6
17100 6
17400 6
17700 6
18000 6
18300 6
18600 6
18900 6
19200 6
19500 6
19800 6
20100 6
20400 7
20700 7
21000 7
21300 8
21600 8
21900 8
