Total number of shelters: 5389
300 0
600 0
900 1
1200 1
1500 1
1800 3
2100 3
2400 6
2700 7
3000 9
3300 14
3600 16
3900 19
4200 23
4500 27
4800 31
5100 36
5400 37
5700 39
6000 43
6300 48
6600 51
6900 55
7200 59
7500 64
7800 74
8100 78
8400 83
8700 89
9000 91
9300 95
9600 98
9900 104
10200 110
10500 115
10800 117
11100 119
11400 125
11700 131
12000 133
12300 135
12600 137
12900 141
13200 146
13500 149
13800 151
14100 153
14400 155
14700 160
15000 169
15300 174
15600 178
15900 182
16200 186
16500 192
16800 195
17100 198
17400 198
17700 201
18000 202
18300 202
18600 204
18900 205
19200 208
19500 213
19800 218
20100 219
20400 221
20700 225
21000 233
21300 235
21600 237
21900 239
22200 242
22500 243
22800 244
23100 248
23400 252
23700 256
24000 260
24300 262
24600 265
24900 268
25200 270
25500 273
25800 273
26100 275
26400 280
26700 281
27000 284
27300 291
27600 294
27900 296
28200 298
28500 299
28800 300
29100 304
29400 306
29700 308
30000 309
30300 316
30600 317
30900 321
31200 322
31500 325
31800 328
32100 330
32400 331
32700 336
33000 336
33300 338
33600 340
33900 342
34200 344
34500 349
34800 350
35100 352
35400 353
35700 356
36000 363
36300 364
36600 366
36900 367
37200 370
37500 373
37800 374
38100 376
38400 377
38700 380
39000 381
39300 383
39600 388
39900 389
40200 390
40500 394
40800 396
41100 399
41400 399
41700 402
42000 402
42300 403
42600 406
42900 409
43200 411
43500 412
43800 412
44100 413
44400 414
44700 416
45000 418
45300 419
45600 420
45900 422
46200 423
46500 429
46800 430
47100 431
47400 436
47700 439
48000 441
48300 448
48600 454
48900 459
49200 464
49500 475
49800 479
50100 487
50400 492
50700 500
51000 505
51300 518
51600 537
51900 542
52200 545
52500 551
52800 555
53100 558
53400 563
53700 565
54000 567
54300 568
54600 574
54900 578
55200 580
55500 585
55800 587
56100 588
56400 592
56700 596
57000 599
57300 605
57600 607
57900 610
58200 611
58500 614
58800 621
59100 623
59400 624
59700 626
60000 631
60300 637
60600 642
60900 648
61200 653
61500 660
61800 666
62100 675
62400 682
62700 693
63000 702
63300 707
63600 714
63900 719
64200 723
64500 734
64800 742
65100 747
65400 755
65700 759
66000 769
66300 780
66600 789
66900 797
67200 806
67500 819
67800 827
68100 839
68400 846
68700 861
69000 873
69300 884
69600 894
69900 910
70200 921
70500 930
70800 939
71100 945
71400 952
71700 959
72000 969
72300 974
72600 989
72900 1001
73200 1010
73500 1026
73800 1038
74100 1052
74400 1062
74700 1075
75000 1081
75300 1089
75600 1099
75900 1104
76200 1110
76500 1120
76800 1130
77100 1138
77400 1150
77700 1162
78000 1173
78300 1187
78600 1193
78900 1207
79200 1213
79500 1221
79800 1231
80100 1245
80400 1261
80700 1272
81000 1280
81300 1288
81600 1301
81900 1310
82200 1326
82500 1337
82800 1348
83100 1357
83400 1364
83700 1378
84000 1387
84300 1401
84600 1411
84900 1424
85200 1432
85500 1446
85800 1457
86100 1475
86400 1486
86700 1493
87000 1496
