Total number of shelters: 1871
300 0
600 0
900 0
1200 0
1500 0
1800 0
2100 0
2400 0
2700 0
3000 0
3300 0
3600 0
3900 0
4200 0
4500 0
4800 0
5100 0
5400 0
5700 0
6000 0
6300 0
6600 0
6900 0
7200 0
7500 1
7800 1
8100 1
8400 2
8700 10
9000 17
9300 20
9600 22
9900 27
10200 30
10500 33
10800 37
11100 39
11400 40
11700 43
12000 45
12300 47
12600 49
12900 50
13200 53
13500 56
13800 59
14100 62
14400 65
14700 68
15000 73
15300 76
15600 81
15900 83
16200 86
16500 89
16800 92
17100 94
17400 99
17700 104
18000 107
18300 110
18600 113
18900 118
19200 123
19500 128
19800 132
20100 141
20400 143
20700 149
21000 161
21300 170
21600 183
21900 192
22200 195
22500 199
22800 203
23100 207
23400 216
23700 224
24000 233
24300 239
24600 246
24900 253
25200 258
25500 263
25800 269
26100 278
26400 286
26700 291
27000 299
27300 300
27600 308
27900 309
28200 318
28500 328
28800 330
29100 331
29400 331
29700 332
30000 332
30300 334
30600 335
30900 344
31200 354
31500 364
31800 377
32100 389
32400 405
32700 408
33000 418
33300 423
33600 431
33900 436
34200 439
34500 441
34800 442
35100 444
35400 447
35700 449
36000 449
36300 453
36600 457
36900 457
37200 460
37500 460
37800 461
38100 462
38400 462
38700 462
39000 462
39300 464
39600 465
39900 465
40200 465
40500 465
40800 465
41100 465
41400 465
41700 465
42000 465
42300 465
42600 465
42900 465
43200 465
43500 465
43800 465
44100 465
44400 465
44700 465
45000 465
45300 465
45600 465
45900 465
46200 465
46500 465
46800 465
47100 465
47400 465
47700 465
48000 465
48300 465
48600 465
48900 465
49200 465
49500 465
49800 465
50100 465
50400 465
50700 465
51000 465
51300 465
51600 465
51900 466
52200 470
52500 475
52800 485
53100 491
53400 498
53700 505
54000 513
54300 516
54600 520
54900 526
55200 532
55500 539
55800 549
56100 556
56400 558
56700 561
57000 565
57300 565
57600 568
57900 572
58200 573
58500 573
58800 574
59100 575
59400 577
59700 577
60000 578
60300 578
60600 581
60900 582
61200 589
61500 591
61800 596
62100 598
62400 599
62700 603
63000 603
63300 608
63600 613
63900 614
64200 615
64500 617
64800 619
65100 623
65400 630
65700 636
66000 644
66300 647
66600 650
66900 650
67200 650
67500 651
67800 654
68100 654
68400 655
68700 656
69000 658
69300 658
69600 658
69900 658
70200 658
70500 659
70800 660
71100 660
71400 660
71700 666
72000 669
72300 671
72600 674
72900 681
73200 690
73500 698
73800 705
74100 709
74400 714
74700 716
75000 717
75300 717
75600 717
75900 717
76200 717
76500 717
76800 718
77100 718
77400 719
77700 719
78000 719
78300 719
78600 719
78900 719
79200 719
79500 719
79800 720
80100 720
80400 720
80700 720
81000 725
81300 734
81600 735
81900 745
82200 757
82500 766
82800 770
83100 770
83400 771
83700 771
84000 774
84300 780
84600 789
84900 799
85200 810
85500 820
85800 820
86100 821
86400 821
86700 821
