Total number of shelters: 10152
300 0
600 0
900 0
1200 0
1500 0
1800 0
2100 0
2400 0
2700 0
3000 0
3300 0
3600 0
3900 0
4200 0
4500 0
4800 0
5100 0
5400 2
5700 2
6000 2
6300 2
6600 2
6900 2
7200 2
7500 2
7800 2
8100 2
8400 2
8700 2
9000 2
9300 2
9600 2
9900 2
10200 3
10500 3
10800 3
11100 3
11400 4
11700 4
12000 4
12300 4
12600 4
12900 4
13200 4
13500 4
13800 4
14100 4
14400 4
14700 4
15000 4
15300 4
15600 4
15900 5
16200 5
16500 5
16800 5
17100 6
17400 6
17700 6
18000 6
18300 6
18600 6
18900 6
19200 6
19500 6
19800 6
20100 6
20400 6
20700 6
21000 6
21300 6
21600 7
21900 7
