Total number of shelters: 5389
300 0
600 0
900 0
1200 1
1500 2
1800 4
2100 6
2400 10
2700 11
3000 14
3300 21
3600 26
3900 29
4200 30
4500 34
4800 39
5100 42
5400 48
5700 51
6000 55
6300 58
6600 63
6900 67
7200 71
7500 75
7800 79
8100 90
8400 96
8700 100
9000 102
9300 107
9600 109
9900 113
10200 120
10500 126
10800 129
11100 133
11400 135
11700 137
12000 139
12300 144
12600 149
12900 152
13200 157
13500 166
13800 170
14100 178
14400 179
14700 183
15000 183
15300 186
15600 186
15900 191
16200 194
16500 195
16800 197
17100 202
17400 203
17700 208
18000 211
18300 215
18600 216
18900 219
19200 222
19500 225
19800 227
20100 228
20400 231
20700 235
21000 241
21300 244
21600 245
21900 248
22200 251
22500 258
22800 265
23100 270
23400 273
23700 274
24000 276
24300 280
24600 281
24900 282
25200 282
25500 284
25800 292
26100 292
26400 293
26700 298
27000 301
27300 303
27600 306
27900 310
28200 313
28500 317
28800 322
29100 325
29400 327
29700 329
30000 332
30300 334
30600 336
30900 339
31200 344
31500 347
31800 351
32100 351
32400 353
32700 355
33000 357
33300 359
33600 361
33900 366
34200 373
34500 373
34800 375
35100 379
35400 380
35700 383
36000 384
36300 385
36600 387
36900 390
37200 392
37500 396
37800 399
38100 402
38400 405
38700 407
39000 408
39300 409
39600 413
39900 416
40200 420
40500 425
40800 430
41100 431
41400 434
41700 434
42000 439
42300 441
42600 442
42900 444
43200 446
43500 448
43800 448
44100 449
44400 451
44700 455
45000 456
45300 458
45600 463
45900 464
46200 467
46500 469
46800 469
47100 470
47400 472
47700 474
48000 477
48300 480
48600 485
48900 490
49200 495
49500 503
49800 513
50100 518
50400 526
50700 532
51000 537
51300 545
51600 547
51900 550
52200 552
52500 558
52800 565
53100 566
53400 568
53700 568
54000 571
54300 573
54600 575
54900 576
55200 579
55500 583
55800 589
56100 592
56400 597
56700 598
57000 598
57300 601
57600 606
57900 616
58200 622
58500 625
58800 630
59100 633
59400 638
59700 646
60000 648
60300 656
60600 660
60900 665
61200 669
61500 677
61800 683
62100 689
62400 697
62700 707
63000 712
63300 717
63600 723
63900 728
64200 735
64500 745
64800 753
65100 760
65400 769
65700 774
66000 782
66300 791
66600 797
66900 809
67200 822
67500 828
67800 840
68100 852
68400 866
68700 877
69000 893
69300 900
69600 923
69900 942
70200 961
70500 992
70800 1005
71100 1021
71400 1031
71700 1038
72000 1046
72300 1051
72600 1057
72900 1072
73200 1077
73500 1089
73800 1102
74100 1108
74400 1114
74700 1129
75000 1135
75300 1147
75600 1163
75900 1172
76200 1179
76500 1193
76800 1207
77100 1216
77400 1224
77700 1237
78000 1245
78300 1256
78600 1270
78900 1282
79200 1294
79500 1299
79800 1307
80100 1320
80400 1333
80700 1348
81000 1354
81300 1367
81600 1373
81900 1388
82200 1402
82500 1414
82800 1422
83100 1430
83400 1440
83700 1448
84000 1461
84300 1473
84600 1482
84900 1494
85200 1503
85500 1512
85800 1526
86100 1532
86400 1545
86700 1562
87000 1566
