Total number of shelters: 2930
300 0
600 0
900 0
1200 0
1500 0
1800 0
2100 0
2400 0
2700 0
3000 0
3300 0
3600 0
3900 0
4200 0
4500 0
4800 0
5100 0
5400 0
5700 0
6000 0
6300 0
6600 0
6900 0
7200 0
7500 0
7800 0
8100 0
8400 0
8700 0
9000 0
9300 0
9600 0
9900 0
10200 0
10500 0
10800 0
11100 0
11400 0
11700 0
12000 0
12300 0
12600 0
12900 0
13200 0
13500 0
13800 0
14100 0
14400 0
14700 0
15000 0
15300 0
15600 0
15900 0
16200 0
16500 0
16800 0
17100 0
17400 0
17700 0
18000 0
18300 0
18600 0
18900 0
19200 0
19500 0
19800 0
20100 0
20400 0
20700 0
21000 0
21300 0
21600 0
21900 0
22200 0
22500 0
22800 0
23100 0
23400 0
23700 0
24000 0
24300 0
24600 0
24900 0
25200 0
25500 0
25800 0
26100 0
26400 0
26700 0
27000 0
27300 0
27600 0
27900 0
28200 0
28500 0
28800 0
29100 0
29400 0
29700 0
30000 0
30300 0
30600 0
30900 0
31200 0
31500 0
31800 0
32100 0
32400 0
32700 0
33000 0
33300 0
33600 0
33900 0
34200 0
34500 0
34800 0
35100 0
35400 0
35700 0
36000 0
36300 1
36600 1
36900 1
37200 1
37500 1
37800 1
38100 1
38400 1
38700 1
39000 1
39300 1
39600 1
39900 1
40200 1
40500 1
40800 1
41100 1
41400 1
41700 1
42000 1
42300 1
42600 1
42900 1
43200 1
43500 1
43800 1
44100 1
44400 1
44700 1
45000 1
45300 1
45600 1
45900 1
46200 1
46500 1
46800 1
47100 1
47400 1
47700 1
48000 1
48300 1
48600 1
48900 1
49200 1
49500 1
49800 1
50100 1
50400 1
50700 1
51000 1
51300 1
51600 1
51900 1
52200 1
52500 1
52800 1
53100 1
53400 1
53700 1
54000 1
54300 1
54600 1
54900 1
55200 1
55500 1
55800 1
56100 1
56400 1
56700 1
57000 1
57300 1
57600 1
57900 1
58200 1
58500 1
58800 1
59100 1
59400 1
59700 1
60000 1
60300 1
60600 1
60900 1
61200 1
61500 1
61800 1
62100 1
62400 1
62700 1
63000 1
63300 1
63600 1
63900 1
64200 1
64500 1
64800 1
65100 1
65400 1
65700 1
66000 1
66300 1
66600 1
66900 1
67200 1
67500 1
67800 1
68100 1
68400 1
68700 1
69000 1
69300 1
69600 1
69900 1
70200 1
70500 1
70800 1
71100 1
71400 1
71700 1
72000 1
72300 1
72600 1
72900 1
73200 1
73500 1
73800 1
74100 1
74400 1
74700 1
75000 1
75300 1
75600 1
75900 1
76200 1
76500 1
76800 1
77100 1
77400 1
77700 1
78000 1
78300 1
78600 1
78900 1
79200 1
79500 1
79800 1
80100 1
80400 1
80700 1
81000 1
81300 2
81600 2
81900 2
82200 2
82500 2
82800 2
83100 2
83400 2
83700 2
84000 2
84300 2
84600 2
84900 2
85200 2
85500 2
85800 2
86100 2
86400 2
86700 2
