Total number of shelters: 12313
300 0
600 0
900 0
1200 0
1500 0
1800 0
2100 0
2400 13
2700 46
3000 55
3300 57
3600 58
3900 64
4200 79
4500 103
4800 119
5100 161
5400 192
5700 195
6000 210
6300 269
6600 362
6900 500
7200 647
7500 890
7800 1063
8100 1212
8400 1351
8700 1540
9000 1703
9300 1818
9600 2007
9900 2167
10200 2332
10500 2473
10800 2654
11100 2890
11400 3217
11700 3411
12000 3566
12300 3807
12600 3983
12900 4013
13200 4152
13500 4360
13800 4499
14100 4698
14400 4850
14700 4959
15000 5097
15300 5285
15600 5435
15900 5598
16200 5756
16500 5851
16800 5903
17100 5927
17400 5946
17700 5981
18000 6019
18300 6051
18600 6077
18900 6106
19200 6176
19500 6259
19800 6273
20100 6273
20400 6279
20700 6297
21000 6300
21300 6311
21600 6313
21900 6375
22200 6391
22500 6409
22800 6435
23100 6448
23400 6448
23700 6448
24000 6448
24300 6448
24600 6448
24900 6448
25200 6448
25500 6448
25800 6448
26100 6448
26400 6448
26700 6448
27000 6448
27300 6448
27600 6448
27900 6448
28200 6448
28500 6448
28800 6448
29100 6448
29400 6448
29700 6449
30000 6449
30300 6449
30600 6449
30900 6449
31200 6449
31500 6449
31800 6449
32100 6450
32400 6450
32700 6450
33000 6450
33300 6450
33600 6450
33900 6451
34200 6451
34500 6451
34800 6451
35100 6452
35400 6452
35700 6452
36000 6452
36300 6452
36600 6452
36900 6452
37200 6452
37500 6452
37800 6452
38100 6452
38400 6452
38700 6452
39000 6452
39300 6452
39600 6452
39900 6452
40200 6452
40500 6452
40800 6452
41100 6452
41400 6452
41700 6452
42000 6452
42300 6453
42600 6457
42900 6457
43200 6457
43500 6457
43800 6457
44100 6457
44400 6457
44700 6457
45000 6457
45300 6457
45600 6457
45900 6457
46200 6457
46500 6458
46800 6458
47100 6458
47400 6458
47700 6458
48000 6458
48300 6458
48600 6458
48900 6458
49200 6458
49500 6458
49800 6458
50100 6458
50400 6458
50700 6458
51000 6458
51300 6458
51600 6458
51900 6458
52200 6458
52500 6458
52800 6458
53100 6458
53400 6458
53700 6458
54000 6458
54300 6458
54600 6458
54900 6458
55200 6458
55500 6458
55800 6458
56100 6458
56400 6458
56700 6458
57000 6458
57300 6458
57600 6458
57900 6458
58200 6458
58500 6459
58800 6459
59100 6459
59400 6459
59700 6459
60000 6459
60300 6459
60600 6459
60900 6459
61200 6459
61500 6459
61800 6459
62100 6459
62400 6459
62700 6459
63000 6459
63300 6460
63600 6460
63900 6460
64200 6460
64500 6461
64800 6461
65100 6462
65400 6462
65700 6462
66000 6462
66300 6462
66600 6462
66900 6462
67200 6462
67500 6462
67800 6462
68100 6462
68400 6462
68700 6462
69000 6462
69300 6462
69600 6463
69900 6463
70200 6463
70500 6463
70800 6463
71100 6463
71400 6463
71700 6463
72000 6463
72300 6463
72600 6463
72900 6463
73200 6463
73500 6463
73800 6463
74100 6463
74400 6463
74700 6463
75000 6463
75300 6463
75600 6463
75900 6463
76200 6464
76500 6464
76800 6465
77100 6465
77400 6465
77700 6465
78000 6465
78300 6465
78600 6465
78900 6465
79200 6465
79500 6465
79800 6467
80100 6467
80400 6472
80700 6472
81000 6472
81300 6472
81600 6472
81900 6472
82200 6472
82500 6472
82800 6472
83100 6472
83400 6473
83700 6473
84000 6473
84300 6473
84600 6473
84900 6473
85200 6473
85500 6473
85800 6473
