Total number of shelters: 1051
300 0
600 1
900 6
1200 10
1500 14
1800 16
2100 17
2400 20
2700 22
3000 25
3300 28
3600 33
3900 36
4200 39
4500 43
4800 45
5100 47
5400 52
5700 60
6000 63
6300 64
6600 67
6900 71
7200 75
7500 77
7800 82
8100 85
8400 88
8700 92
9000 95
9300 99
9600 103
9900 106
10200 108
10500 112
10800 116
11100 120
11400 125
11700 127
12000 131
12300 133
12600 137
12900 141
13200 145
13500 149
13800 152
14100 156
14400 163
14700 169
15000 171
15300 172
15600 175
15900 178
16200 183
16500 189
16800 190
17100 192
17400 196
17700 200
18000 204
18300 207
18600 210
18900 213
19200 218
19500 223
19800 228
20100 232
20400 236
20700 238
21000 241
21300 244
21600 250
21900 254
22200 258
22500 262
22800 267
23100 273
23400 275
23700 281
24000 285
24300 291
24600 294
24900 296
25200 299
25500 304
25800 305
26100 308
26400 313
26700 317
27000 321
27300 324
27600 329
27900 334
28200 339
28500 341
28800 343
29100 346
29400 351
29700 357
30000 359
30300 360
30600 361
30900 367
31200 372
31500 376
31800 379
32100 382
32400 388
32700 392
33000 396
33300 399
33600 404
33900 406
34200 409
34500 414
34800 418
35100 423
35400 429
35700 434
36000 439
36300 442
36600 444
36900 447
37200 449
37500 452
37800 456
38100 461
38400 466
38700 471
39000 475
39300 478
39600 480
39900 486
40200 490
40500 493
40800 497
41100 502
41400 505
41700 509
42000 511
42300 516
42600 519
42900 521
43200 524
43500 531
43800 533
44100 537
44400 540
44700 542
45000 547
45300 551
45600 556
45900 560
46200 562
46500 563
46800 568
47100 575
47400 579
47700 584
48000 586
48300 592
48600 597
48900 602
49200 603
49500 607
49800 613
50100 615
50400 618
50700 623
51000 627
51300 629
51600 634
51900 638
52200 640
52500 645
52800 649
53100 656
53400 658
53700 662
54000 668
54300 672
54600 675
54900 680
55200 684
55500 689
55800 695
56100 699
56400 700
56700 705
57000 707
57300 713
57600 717
57900 720
58200 723
58500 728
58800 731
59100 735
59400 739
59700 746
60000 753
60300 755
60600 763
60900 768
61200 773
61500 776
61800 779
62100 785
62400 787
62700 790
63000 796
63300 799
63600 802
63900 807
64200 812
64500 815
64800 819
65100 824
65400 832
65700 835
66000 841
66300 846
66600 847
66900 851
67200 853
67500 857
67800 861
68100 864
68400 868
68700 872
69000 876
69300 881
69600 886
69900 890
70200 892
70500 897
70800 899
71100 903
71400 908
71700 911
72000 914
72300 920
72600 925
72900 930
73200 934
73500 937
73800 941
74100 945
74400 949
74700 950
75000 952
75300 958
75600 965
75900 973
76200 979
76500 984
76800 991
77100 1004
77400 1015
77700 1026
78000 0
78300 0
78600 2
78900 3
79200 5
79500 8
79800 12
80100 15
80400 18
80700 21
81000 26
81300 30
81600 31
81900 34
82200 37
82500 38
82800 45
83100 48
83400 50
83700 53
84000 55
84300 58
84600 63
84900 66
85200 69
85500 72
85800 79
86100 81
86400 82
86700 88
87000 89
