Total number of shelters: 5389
300 0
600 0
900 0
1200 0
1500 0
1800 1
2100 4
2400 6
2700 9
3000 9
3300 11
3600 12
3900 15
4200 20
4500 21
4800 27
5100 28
5400 34
5700 35
6000 36
6300 41
6600 46
6900 48
7200 51
7500 53
7800 55
8100 60
8400 66
8700 70
9000 74
9300 78
9600 82
9900 85
10200 87
10500 91
10800 96
11100 100
11400 105
11700 111
12000 114
12300 115
12600 120
12900 122
13200 127
13500 136
13800 140
14100 141
14400 143
14700 148
15000 148
15300 151
15600 152
15900 155
16200 158
16500 160
16800 161
17100 168
17400 170
17700 171
18000 172
18300 176
18600 178
18900 180
19200 183
19500 186
19800 190
20100 196
20400 198
20700 199
21000 204
21300 204
21600 205
21900 208
22200 209
22500 212
22800 216
23100 218
23400 220
23700 220
24000 223
24300 227
24600 231
24900 235
25200 237
25500 241
25800 243
26100 247
26400 248
26700 250
27000 252
27300 253
27600 254
27900 256
28200 259
28500 261
28800 264
29100 266
29400 270
29700 273
30000 277
30300 278
30600 279
30900 282
31200 287
31500 287
31800 290
32100 295
32400 299
32700 299
33000 300
33300 300
33600 302
33900 303
34200 308
34500 310
34800 313
35100 317
35400 321
35700 321
36000 321
36300 321
36600 323
36900 326
37200 327
37500 329
37800 330
38100 331
38400 332
38700 333
39000 338
39300 339
39600 343
39900 344
40200 344
40500 346
40800 349
41100 351
41400 355
41700 360
42000 363
42300 363
42600 365
42900 367
43200 367
43500 370
43800 372
44100 377
44400 383
44700 385
45000 386
45300 388
45600 391
45900 394
46200 395
46500 397
46800 398
47100 401
47400 408
47700 412
48000 414
48300 418
48600 421
48900 424
49200 426
49500 432
49800 442
50100 448
50400 451
50700 453
51000 468
51300 471
51600 484
51900 498
52200 500
52500 502
52800 505
53100 506
53400 508
53700 509
54000 509
54300 509
54600 511
54900 515
55200 521
55500 525
55800 531
56100 535
56400 540
56700 544
57000 547
57300 555
57600 557
57900 561
58200 562
58500 565
58800 574
59100 575
59400 579
59700 584
60000 592
60300 594
60600 600
60900 610
61200 621
61500 626
61800 630
62100 634
62400 639
62700 645
63000 649
63300 657
63600 666
63900 673
64200 681
64500 688
64800 695
65100 701
65400 713
65700 719
66000 729
66300 736
66600 741
66900 755
67200 767
67500 778
67800 785
68100 791
68400 801
68700 808
69000 818
69300 830
69600 839
69900 850
70200 864
70500 874
70800 885
71100 897
71400 902
71700 919
72000 930
72300 942
72600 959
72900 977
73200 984
73500 1000
73800 1009
74100 1018
74400 1026
74700 1038
75000 1048
75300 1061
75600 1070
75900 1079
76200 1087
76500 1099
76800 1113
77100 1122
77400 1129
77700 1144
78000 1159
78300 1165
78600 1174
78900 1182
79200 1195
79500 1204
79800 1220
80100 1231
80400 1238
80700 1253
81000 1265
81300 1277
81600 1288
81900 1301
82200 1314
82500 1328
82800 1333
83100 1351
83400 1360
83700 1371
84000 1381
84300 1389
84600 1402
84900 1412
85200 1434
85500 1448
85800 1466
86100 1473
86400 1483
86700 1494
87000 1502
