Total number of shelters: 3283
300 0
600 0
900 0
1200 0
1500 0
1800 0
2100 0
2400 1
2700 1
3000 1
3300 1
3600 1
3900 1
4200 3
4500 3
4800 3
5100 3
5400 4
5700 4
6000 4
6300 4
6600 5
6900 5
7200 5
7500 5
7800 5
8100 5
8400 5
8700 5
9000 5
9300 5
9600 5
9900 5
10200 5
10500 5
10800 5
11100 5
11400 5
11700 5
12000 5
12300 5
12600 5
12900 5
13200 6
13500 6
13800 6
14100 6
14400 6
14700 6
15000 6
15300 6
15600 6
15900 6
16200 6
16500 6
16800 6
17100 6
17400 6
17700 6
18000 6
18300 6
18600 6
18900 6
19200 6
19500 6
19800 6
20100 6
20400 6
20700 6
21000 6
21300 6
21600 6
21900 6
22200 6
22500 6
22800 6
23100 6
23400 6
23700 6
24000 6
24300 6
24600 6
24900 6
25200 6
25500 6
25800 6
26100 6
26400 6
26700 6
27000 6
27300 7
27600 7
27900 7
28200 7
28500 7
28800 7
29100 7
29400 7
29700 7
30000 7
30300 7
30600 7
30900 7
31200 8
31500 8
31800 8
32100 8
32400 8
32700 8
33000 8
33300 8
33600 8
33900 8
34200 8
34500 8
34800 8
35100 8
35400 8
35700 8
36000 8
36300 8
36600 8
36900 9
37200 9
37500 9
37800 9
38100 9
38400 9
38700 9
39000 9
39300 9
39600 10
39900 10
40200 10
40500 10
40800 10
41100 10
41400 10
41700 10
42000 10
42300 10
42600 10
42900 10
43200 10
43500 11
43800 11
44100 11
44400 12
44700 12
45000 12
45300 12
45600 13
45900 13
46200 13
46500 13
46800 13
47100 13
47400 13
47700 13
48000 13
48300 13
48600 14
48900 14
49200 14
49500 14
49800 14
50100 14
50400 14
50700 14
51000 14
51300 14
51600 14
51900 14
52200 14
52500 15
52800 15
53100 16
53400 16
53700 17
54000 17
54300 17
54600 17
54900 17
55200 17
55500 17
55800 18
56100 19
56400 19
56700 19
57000 19
57300 19
57600 21
57900 22
58200 22
58500 22
58800 22
59100 22
59400 22
59700 22
60000 22
60300 22
60600 22
60900 22
61200 22
61500 22
61800 22
62100 22
62400 22
62700 22
63000 22
63300 22
63600 22
63900 22
64200 22
64500 22
64800 23
65100 23
65400 23
65700 23
66000 23
66300 23
66600 23
66900 23
67200 23
67500 24
67800 25
68100 25
68400 25
68700 25
69000 25
69300 25
69600 26
69900 26
70200 26
70500 26
70800 26
71100 26
71400 27
71700 27
72000 27
72300 28
72600 29
72900 29
73200 29
73500 29
73800 30
74100 30
74400 30
74700 30
75000 30
75300 30
75600 30
75900 30
76200 30
76500 30
76800 31
77100 32
77400 32
77700 32
78000 32
78300 32
78600 33
78900 33
79200 34
79500 42
79800 47
80100 49
80400 49
80700 49
81000 50
81300 50
81600 50
81900 50
82200 52
82500 52
82800 53
83100 54
83400 54
83700 54
84000 54
84300 55
84600 56
84900 58
85200 59
85500 60
85800 61
86100 61
86400 61
86700 61
