Total number of shelters: 5285
300 0
600 0
900 0
1200 0
1500 0
1800 0
2100 0
2400 0
2700 0
3000 1
3300 3
3600 6
3900 6
4200 6
4500 8
4800 10
5100 11
5400 14
5700 16
6000 17
6300 21
6600 23
6900 25
7200 25
7500 26
7800 28
8100 31
8400 32
8700 36
9000 41
9300 44
9600 45
9900 48
10200 52
10500 55
10800 58
11100 59
11400 62
11700 63
12000 66
12300 70
12600 75
12900 76
13200 81
13500 81
13800 84
14100 85
14400 86
14700 87
15000 87
15300 89
15600 92
15900 95
16200 98
16500 101
16800 105
17100 105
17400 109
17700 109
18000 111
18300 112
18600 113
18900 115
19200 116
19500 119
19800 121
20100 123
20400 125
20700 129
21000 129
21300 132
21600 133
21900 136
22200 137
22500 140
22800 142
23100 142
23400 142
23700 143
24000 144
24300 144
24600 145
24900 145
25200 148
25500 152
25800 154
26100 156
26400 159
26700 162
27000 164
27300 167
27600 167
27900 170
28200 170
28500 170
28800 171
29100 171
29400 173
29700 174
30000 177
30300 181
30600 183
30900 184
31200 186
31500 190
31800 195
32100 195
32400 196
32700 199
33000 200
33300 200
33600 202
33900 205
34200 209
34500 209
34800 209
35100 209
35400 210
35700 210
36000 213
36300 215
36600 216
36900 218
37200 220
37500 224
37800 224
38100 225
38400 226
38700 227
39000 227
39300 228
39600 230
39900 232
40200 235
40500 236
40800 238
41100 239
41400 240
41700 242
42000 244
42300 246
42600 247
42900 248
43200 251
43500 251
43800 253
44100 257
44400 261
44700 261
45000 263
45300 265
45600 267
45900 269
46200 278
46500 282
46800 282
47100 283
47400 283
47700 284
48000 288
48300 291
48600 291
48900 291
49200 291
49500 291
49800 291
50100 291
50400 291
50700 291
51000 291
51300 293
51600 293
51900 293
52200 293
52500 295
52800 295
53100 299
53400 305
53700 306
54000 309
54300 313
54600 315
54900 316
55200 318
55500 324
55800 327
56100 328
56400 333
56700 335
57000 339
57300 342
57600 345
57900 349
58200 352
58500 356
58800 358
59100 359
59400 359
59700 360
60000 362
60300 369
60600 371
60900 373
61200 377
61500 378
61800 379
62100 381
62400 382
62700 385
63000 385
63300 389
63600 393
63900 398
64200 399
64500 400
64800 405
65100 408
65400 412
65700 418
66000 419
66300 421
66600 422
66900 422
67200 423
67500 429
67800 429
68100 430
68400 433
68700 437
69000 443
69300 445
69600 446
69900 447
70200 450
70500 451
70800 455
71100 459
71400 459
71700 460
72000 467
72300 468
72600 469
72900 476
73200 481
73500 481
73800 488
74100 491
74400 492
74700 494
75000 496
75300 497
75600 497
75900 498
76200 499
76500 502
76800 503
77100 505
77400 507
77700 509
78000 512
78300 515
78600 518
78900 519
79200 522
79500 522
79800 525
80100 528
80400 528
80700 531
81000 533
81300 536
81600 539
81900 540
82200 542
82500 544
82800 547
83100 551
83400 555
83700 560
84000 563
84300 568
84600 570
84900 575
85200 580
85500 582
85800 584
86100 586
86400 591
86700 597
87000 597
