Total number of shelters: 1895
300 0
600 0
900 0
1200 0
1500 0
1800 0
2100 0
2400 0
2700 0
3000 0
3300 0
3600 0
3900 0
4200 0
4500 0
4800 0
5100 0
5400 0
5700 0
6000 0
6300 0
6600 0
6900 0
7200 0
7500 0
7800 0
8100 0
8400 0
8700 0
9000 0
9300 0
9600 0
9900 0
10200 0
10500 0
10800 0
11100 0
11400 0
11700 0
12000 0
12300 0
12600 0
12900 0
13200 0
13500 0
13800 0
14100 0
14400 0
14700 0
15000 0
15300 0
15600 0
15900 0
16200 0
16500 0
16800 0
17100 0
17400 0
17700 0
18000 0
18300 0
18600 0
18900 0
19200 0
19500 0
19800 0
20100 0
20400 0
20700 0
21000 0
21300 0
21600 0
21900 0
22200 0
22500 0
22800 0
23100 0
23400 0
23700 0
24000 0
24300 0
24600 0
24900 0
25200 0
25500 1
25800 1
26100 1
26400 1
26700 1
27000 1
27300 1
27600 1
27900 1
28200 1
28500 1
28800 1
29100 1
29400 1
29700 1
30000 1
30300 1
30600 1
30900 1
31200 1
31500 1
31800 1
32100 1
32400 1
32700 1
33000 1
33300 1
33600 1
33900 1
34200 1
34500 1
34800 1
35100 1
35400 1
35700 1
36000 1
36300 1
36600 1
36900 1
37200 1
37500 1
37800 1
38100 1
38400 1
38700 1
39000 1
39300 1
39600 1
39900 1
40200 1
40500 1
40800 1
41100 1
41400 1
41700 1
42000 1
42300 1
42600 1
42900 1
43200 1
43500 1
43800 1
44100 1
44400 1
44700 1
45000 1
45300 1
45600 1
45900 1
46200 1
46500 1
46800 1
47100 1
47400 1
47700 1
48000 1
48300 1
48600 1
48900 1
49200 1
49500 1
49800 1
50100 1
50400 1
50700 1
51000 1
51300 1
51600 1
51900 1
52200 1
52500 1
52800 1
53100 1
53400 1
53700 1
54000 1
54300 1
54600 1
54900 1
55200 1
55500 1
55800 1
56100 1
56400 1
56700 1
57000 1
57300 1
57600 1
57900 1
58200 1
58500 1
58800 1
59100 1
59400 1
59700 1
60000 1
60300 1
60600 1
60900 1
61200 1
61500 1
61800 1
62100 1
62400 1
62700 1
63000 1
63300 1
63600 1
63900 1
64200 1
64500 1
64800 2
65100 3
65400 8
65700 11
66000 15
66300 17
66600 19
66900 20
67200 22
67500 22
67800 22
68100 22
68400 22
68700 22
69000 22
69300 22
69600 22
69900 22
70200 22
70500 22
70800 22
71100 22
71400 22
71700 22
72000 22
72300 22
72600 22
72900 22
73200 22
73500 22
73800 22
74100 22
74400 22
74700 22
75000 22
75300 22
75600 22
75900 22
76200 22
76500 22
76800 22
77100 22
77400 22
77700 22
78000 22
78300 22
78600 22
78900 22
79200 22
79500 22
79800 22
80100 22
80400 22
80700 22
81000 22
81300 22
81600 22
81900 22
82200 22
82500 22
82800 23
83100 23
83400 23
83700 26
84000 27
84300 27
84600 29
84900 30
85200 31
85500 32
85800 32
86100 32
86400 32
86700 32
