Total number of shelters: 922
300 2
600 4
900 8
1200 10
1500 13
1800 16
2100 18
2400 21
2700 24
3000 27
3300 29
3600 32
3900 34
4200 36
4500 38
4800 40
5100 43
5400 45
5700 48
6000 50
6300 52
6600 54
6900 57
7200 59
7500 60
7800 61
8100 64
8400 65
8700 67
9000 69
9300 71
9600 73
9900 75
10200 78
10500 80
10800 82
11100 84
11400 87
11700 88
12000 91
12300 92
12600 95
12900 97
13200 100
13500 103
13800 106
14100 108
14400 111
14700 113
15000 115
15300 118
15600 121
15900 123
16200 126
16500 129
16800 132
17100 134
17400 136
17700 140
18000 142
18300 145
18600 147
18900 150
19200 153
19500 156
19800 158
20100 161
20400 165
20700 167
21000 170
21300 174
21600 176
21900 177
22200 179
22500 183
22800 185
23100 188
23400 190
23700 191
24000 194
24300 197
24600 200
24900 202
25200 205
25500 208
25800 211
26100 213
26400 216
26700 218
27000 220
27300 222
27600 225
27900 228
28200 230
28500 234
28800 236
29100 238
29400 241
29700 245
30000 247
30300 249
30600 251
30900 254
31200 258
31500 260
31800 262
32100 265
32400 268
32700 273
33000 275
33300 278
33600 281
33900 284
34200 287
34500 290
34800 293
35100 296
35400 299
35700 302
36000 306
36300 309
36600 312
36900 315
37200 319
37500 323
37800 326
38100 329
38400 333
38700 337
39000 340
39300 344
39600 347
39900 351
40200 355
40500 359
40800 362
41100 368
41400 371
41700 373
42000 376
42300 379
42600 382
42900 384
43200 386
43500 389
43800 392
44100 394
44400 398
44700 401
45000 404
45300 407
45600 410
45900 413
46200 417
46500 419
46800 423
47100 426
47400 429
47700 432
48000 436
48300 438
48600 441
48900 443
49200 448
49500 450
49800 453
50100 456
50400 459
50700 462
51000 465
51300 468
51600 471
51900 473
52200 476
52500 478
52800 482
53100 485
53400 488
53700 490
54000 493
54300 494
54600 497
54900 499
55200 501
55500 504
55800 506
56100 509
56400 512
56700 514
57000 517
57300 519
57600 523
57900 525
58200 528
58500 531
58800 534
59100 538
59400 540
59700 543
60000 547
60300 549
60600 552
60900 555
61200 558
61500 560
