Total number of shelters: 1910
300 0
600 0
900 1
1200 7
1500 16
1800 23
2100 29
2400 46
2700 60
3000 71
3300 91
3600 107
3900 134
4200 153
4500 198
4800 239
5100 291
5400 326
5700 353
6000 380
6300 418
6600 456
6900 494
7200 539
7500 568
7800 603
8100 634
8400 675
8700 702
9000 742
9300 779
9600 803
9900 837
10200 864
10500 891
10800 916
11100 944
11400 989
11700 1010
12000 1036
12300 1070
12600 1096
12900 1124
13200 1161
13500 1193
13800 1226
14100 1261
14400 1305
14700 1343
15000 1385
15300 1469
15600 1592
15900 0
16200 0
16500 0
16800 1
17100 4
17400 8
17700 12
18000 15
18300 19
18600 23
18900 30
19200 37
19500 41
19800 54
20100 64
20400 75
20700 88
21000 96
21300 109
21600 119
21900 126
