Total number of shelters: 1956
300 0
600 0
900 0
1200 0
1500 0
1800 0
2100 0
2400 0
2700 0
3000 0
3300 0
3600 0
3900 0
4200 0
4500 0
4800 0
5100 0
5400 0
5700 0
6000 0
6300 0
6600 0
6900 0
7200 0
7500 0
7800 0
8100 0
8400 0
8700 0
9000 0
9300 0
9600 0
9900 0
10200 0
10500 0
10800 0
11100 0
11400 0
11700 0
12000 0
12300 0
12600 0
12900 0
13200 0
13500 0
13800 0
14100 0
14400 0
14700 0
15000 0
15300 0
15600 0
15900 1
16200 1
16500 1
16800 1
17100 1
17400 1
17700 1
18000 1
18300 1
18600 1
18900 1
19200 1
19500 1
19800 1
20100 1
20400 1
20700 2
21000 2
21300 2
21600 2
21900 2
22200 2
22500 2
22800 2
23100 2
23400 2
23700 2
24000 3
24300 4
24600 5
24900 5
25200 5
25500 5
25800 5
26100 5
26400 5
26700 5
27000 5
27300 5
27600 5
27900 5
28200 6
28500 6
28800 6
29100 6
29400 6
29700 6
30000 6
30300 6
30600 7
30900 8
31200 8
31500 8
31800 8
32100 8
32400 9
32700 9
33000 10
33300 10
33600 10
33900 10
34200 10
34500 11
34800 11
35100 11
35400 12
35700 12
36000 12
36300 12
36600 13
36900 13
37200 13
37500 13
37800 13
38100 13
38400 13
38700 13
39000 13
39300 14
39600 14
39900 14
40200 14
40500 14
40800 14
41100 14
41400 15
41700 15
42000 15
42300 15
42600 15
42900 15
43200 15
43500 15
43800 15
44100 15
44400 15
44700 17
45000 17
45300 17
45600 18
45900 18
46200 19
46500 20
46800 20
47100 21
47400 21
47700 22
48000 22
48300 22
48600 23
48900 23
49200 23
49500 23
49800 23
50100 23
50400 23
50700 23
51000 23
51300 24
51600 31
51900 32
52200 32
52500 33
52800 33
53100 33
53400 33
53700 33
54000 34
54300 35
54600 35
54900 35
55200 37
55500 37
55800 37
56100 37
56400 37
56700 37
57000 37
57300 37
57600 37
57900 37
58200 37
58500 37
58800 37
59100 37
59400 38
59700 39
60000 39
60300 41
60600 42
60900 42
61200 43
61500 44
61800 44
62100 44
62400 44
62700 44
63000 44
63300 44
63600 44
63900 45
64200 45
64500 45
64800 46
65100 46
65400 46
65700 46
66000 47
66300 48
66600 48
66900 48
67200 48
67500 48
67800 48
68100 48
68400 48
68700 48
69000 48
69300 48
69600 48
69900 48
70200 49
70500 49
70800 49
71100 49
71400 49
71700 49
72000 50
72300 50
72600 50
72900 50
73200 51
73500 52
73800 54
74100 56
74400 56
74700 56
75000 56
75300 56
75600 57
75900 57
76200 57
76500 57
76800 58
77100 59
77400 59
77700 59
78000 59
78300 59
78600 59
78900 59
79200 60
79500 60
79800 61
80100 61
80400 61
80700 61
81000 62
81300 62
81600 62
81900 62
82200 63
82500 63
82800 63
83100 64
83400 64
83700 64
84000 64
84300 64
84600 66
84900 67
85200 67
85500 67
85800 67
86100 67
86400 68
86700 68
