Total number of shelters: 3060
300 0
600 0
900 0
1200 0
1500 0
1800 0
2100 0
2400 0
2700 0
3000 0
3300 0
3600 0
3900 0
4200 0
4500 0
4800 0
5100 0
5400 0
5700 0
6000 0
6300 0
6600 0
6900 0
7200 0
7500 0
7800 0
8100 0
8400 0
8700 0
9000 0
9300 0
9600 0
9900 0
10200 0
10500 0
10800 0
11100 0
11400 0
11700 0
12000 0
12300 0
12600 0
12900 0
13200 0
13500 0
13800 0
14100 0
14400 0
14700 0
15000 0
15300 0
15600 0
15900 0
16200 0
16500 0
16800 0
17100 0
17400 0
17700 0
18000 0
18300 0
18600 0
18900 0
19200 0
19500 0
19800 0
20100 0
20400 0
20700 0
21000 0
21300 0
21600 0
21900 0
22200 0
22500 0
22800 0
23100 0
23400 0
23700 0
24000 0
24300 0
24600 0
24900 0
25200 0
25500 0
25800 0
26100 0
26400 0
26700 0
27000 0
27300 0
27600 0
27900 0
28200 0
28500 0
28800 0
29100 0
29400 0
29700 0
30000 0
30300 0
30600 0
30900 0
31200 0
31500 0
31800 0
32100 0
32400 0
32700 0
33000 0
33300 0
33600 0
33900 0
34200 0
34500 0
34800 0
35100 0
35400 0
35700 0
36000 0
36300 0
36600 0
36900 0
37200 0
37500 0
37800 0
38100 0
38400 0
38700 1
39000 1
39300 1
39600 1
39900 1
40200 1
40500 1
40800 1
41100 1
41400 1
41700 1
42000 1
42300 1
42600 1
42900 1
43200 1
43500 1
43800 1
44100 1
44400 1
44700 1
45000 1
45300 1
45600 1
45900 1
46200 1
46500 1
46800 1
47100 1
47400 1
47700 1
48000 1
48300 1
48600 1
48900 1
49200 1
49500 1
49800 1
50100 1
50400 1
50700 1
51000 1
51300 1
51600 1
51900 1
52200 1
52500 1
52800 1
53100 1
53400 1
53700 1
54000 1
54300 1
54600 1
54900 1
55200 1
55500 1
55800 1
56100 2
56400 2
56700 2
57000 2
57300 2
57600 2
57900 2
58200 2
58500 2
58800 2
59100 2
59400 2
59700 2
60000 2
60300 2
60600 2
60900 2
61200 2
61500 2
61800 2
62100 2
62400 2
62700 2
63000 2
63300 2
63600 2
63900 2
64200 2
64500 2
64800 2
65100 2
65400 2
65700 2
66000 2
66300 2
66600 3
66900 3
67200 3
67500 3
67800 3
68100 3
68400 3
68700 3
69000 3
69300 3
69600 3
69900 3
70200 3
70500 3
70800 3
71100 3
71400 3
71700 3
72000 3
72300 3
72600 3
72900 3
73200 3
73500 3
73800 3
74100 3
74400 3
74700 3
75000 3
75300 3
75600 3
75900 3
76200 3
76500 3
76800 3
77100 3
77400 3
77700 3
78000 3
78300 3
78600 3
78900 3
79200 3
79500 3
79800 3
80100 3
80400 3
80700 3
81000 3
81300 3
81600 3
81900 3
82200 3
82500 3
82800 3
83100 3
83400 3
83700 3
84000 3
84300 3
84600 3
84900 3
85200 3
85500 3
85800 3
86100 3
86400 3
86700 3
