Total number of shelters: 297
300 0
600 0
900 0
1200 0
1500 0
1800 0
2100 0
2400 0
2700 0
3000 0
3300 0
3600 0
3900 0
4200 0
4500 0
4800 0
5100 0
5400 0
5700 0
6000 0
6300 0
6600 0
6900 0
7200 0
7500 0
7800 0
8100 0
8400 0
8700 0
9000 0
9300 0
9600 0
9900 0
10200 0
10500 0
10800 0
11100 0
11400 0
11700 0
12000 0
12300 0
12600 0
12900 0
13200 0
13500 0
13800 0
14100 0
14400 1
14700 1
15000 1
15300 1
15600 1
15900 1
16200 1
16500 1
16800 1
17100 1
17400 1
17700 1
18000 1
18300 1
18600 1
18900 1
19200 1
19500 1
19800 1
20100 1
20400 1
20700 2
21000 2
21300 2
21600 2
21900 2
22200 2
22500 2
22800 2
23100 2
23400 2
23700 2
24000 2
24300 2
24600 2
24900 2
25200 2
25500 2
25800 2
26100 2
26400 2
26700 2
27000 2
27300 2
27600 2
27900 2
28200 2
28500 2
28800 2
29100 2
29400 2
29700 2
30000 2
30300 2
30600 2
30900 2
31200 2
31500 2
31800 2
32100 2
32400 2
32700 2
33000 2
33300 2
33600 2
33900 2
34200 2
34500 2
34800 2
35100 2
35400 2
35700 2
36000 2
36300 2
36600 2
36900 2
37200 2
37500 2
37800 2
38100 2
38400 2
38700 2
39000 2
39300 2
39600 2
39900 2
40200 2
40500 2
40800 2
41100 2
41400 2
41700 2
42000 2
42300 2
42600 2
42900 2
43200 2
43500 2
43800 2
44100 2
44400 2
44700 2
45000 2
45300 2
45600 2
45900 2
46200 2
46500 2
46800 2
47100 2
47400 2
47700 2
48000 2
48300 2
48600 2
48900 2
49200 2
49500 2
49800 2
50100 2
50400 2
50700 2
51000 2
51300 2
51600 2
51900 2
52200 2
52500 2
52800 2
53100 2
53400 2
53700 2
54000 2
54300 2
54600 2
54900 2
55200 2
55500 2
55800 2
56100 2
56400 2
56700 2
57000 2
57300 2
57600 2
57900 2
58200 2
58500 2
58800 2
59100 2
59400 2
59700 2
60000 2
60300 2
60600 2
60900 2
61200 2
61500 2
61800 2
62100 2
62400 2
62700 2
63000 2
63300 3
63600 3
63900 3
64200 3
64500 3
64800 3
65100 3
65400 3
65700 3
66000 3
66300 3
66600 3
66900 3
67200 3
67500 3
67800 3
68100 3
68400 3
68700 3
69000 3
69300 3
69600 3
69900 3
70200 3
70500 3
70800 3
71100 3
71400 3
71700 3
72000 3
72300 3
72600 3
72900 3
73200 3
73500 3
73800 3
74100 3
74400 3
74700 3
75000 4
75300 4
75600 4
75900 4
76200 4
76500 4
76800 4
77100 4
77400 4
77700 4
78000 4
78300 4
78600 4
78900 4
79200 4
79500 4
79800 4
80100 4
80400 4
80700 4
81000 4
81300 4
81600 4
81900 4
82200 4
82500 4
82800 4
83100 4
83400 4
83700 4
84000 4
84300 4
84600 4
84900 4
85200 4
85500 4
85800 4
86100 4
86400 4
86700 4
