Total number of shelters: 315
300 0
600 0
900 0
1200 0
1500 0
1800 0
2100 0
2400 0
2700 0
3000 0
3300 0
3600 0
3900 0
4200 0
4500 1
4800 1
5100 1
5400 1
5700 1
6000 1
6300 1
6600 1
6900 1
7200 1
7500 1
7800 2
8100 2
8400 2
8700 3
9000 3
9300 3
9600 3
9900 4
10200 4
10500 4
10800 4
11100 4
11400 4
11700 5
12000 5
12300 5
12600 5
12900 5
13200 6
13500 6
13800 6
14100 6
14400 6
14700 6
15000 7
15300 7
15600 7
15900 7
16200 7
16500 7
16800 8
17100 8
17400 8
17700 8
18000 9
18300 9
18600 9
18900 9
19200 9
19500 10
19800 10
20100 10
20400 10
20700 10
21000 11
21300 11
21600 11
21900 11
22200 11
22500 11
22800 12
23100 12
23400 12
23700 12
24000 12
24300 12
24600 12
24900 14
25200 14
25500 14
25800 14
26100 14
26400 15
26700 15
27000 15
27300 15
27600 15
27900 15
28200 15
28500 16
28800 16
29100 17
29400 17
29700 17
30000 17
30300 17
30600 17
30900 17
31200 17
31500 18
31800 18
32100 18
32400 18
32700 19
33000 19
33300 19
33600 19
33900 19
34200 21
34500 21
34800 21
35100 21
35400 21
35700 21
36000 21
36300 21
36600 22
36900 22
37200 22
37500 23
37800 23
38100 24
38400 24
38700 24
39000 24
39300 25
39600 26
39900 26
40200 26
40500 27
40800 27
41100 27
41400 27
41700 27
42000 27
42300 27
42600 27
42900 27
43200 27
43500 27
43800 27
44100 27
44400 28
44700 28
45000 28
45300 29
45600 30
45900 30
46200 30
46500 30
46800 30
47100 30
47400 31
47700 31
48000 31
48300 32
48600 32
48900 32
49200 32
49500 32
49800 34
50100 34
50400 34
50700 34
51000 35
51300 35
51600 35
51900 35
52200 36
52500 36
52800 36
53100 36
53400 36
53700 36
54000 36
54300 36
54600 36
54900 37
55200 37
55500 38
55800 38
56100 38
56400 38
56700 39
57000 39
57300 39
57600 39
57900 39
58200 40
58500 40
58800 41
59100 41
59400 41
59700 41
60000 41
60300 41
60600 42
60900 42
61200 42
61500 42
61800 42
62100 43
62400 43
62700 44
63000 44
63300 45
63600 48
63900 50
64200 52
64500 52
64800 53
65100 53
65400 55
65700 56
66000 56
66300 58
66600 59
66900 60
67200 60
67500 61
67800 63
68100 64
68400 64
68700 64
69000 64
69300 64
69600 64
69900 64
70200 66
70500 67
70800 67
71100 67
71400 67
71700 67
72000 67
72300 67
72600 67
72900 67
73200 68
73500 68
73800 69
74100 69
74400 70
74700 70
75000 70
75300 70
75600 71
75900 71
76200 72
76500 73
76800 74
77100 74
77400 75
77700 75
78000 77
78300 77
78600 77
78900 78
79200 79
79500 79
79800 79
80100 79
80400 79
80700 80
81000 81
81300 81
81600 82
81900 83
82200 84
82500 84
82800 84
83100 84
83400 84
83700 85
84000 85
84300 86
84600 86
84900 86
85200 86
85500 86
85800 87
86100 87
86400 87
86700 88
