Total number of shelters: 5389
300 1
600 1
900 1
1200 1
1500 2
1800 8
2100 13
2400 18
2700 21
3000 23
3300 30
3600 34
3900 39
4200 45
4500 49
4800 58
5100 63
5400 67
5700 70
6000 73
6300 77
6600 86
6900 89
7200 98
7500 106
7800 108
8100 118
8400 122
8700 125
9000 130
9300 131
9600 132
9900 133
10200 138
10500 144
10800 149
11100 154
11400 158
11700 163
12000 169
12300 172
12600 177
12900 179
13200 183
13500 185
13800 191
14100 191
14400 192
14700 198
15000 202
15300 205
15600 206
15900 213
16200 215
16500 218
16800 223
17100 226
17400 229
17700 232
18000 235
18300 238
18600 241
18900 241
19200 245
19500 247
19800 250
20100 253
20400 256
20700 257
21000 258
21300 264
21600 265
21900 269
22200 273
22500 276
22800 278
23100 283
23400 287
23700 292
24000 294
24300 297
24600 299
24900 300
25200 303
25500 308
25800 310
26100 313
26400 315
26700 319
27000 321
27300 324
27600 326
27900 328
28200 328
28500 345
28800 362
29100 367
29400 371
29700 374
30000 376
30300 378
30600 380
30900 385
31200 389
31500 393
31800 396
32100 397
32400 397
32700 400
33000 401
33300 402
33600 404
33900 415
34200 421
34500 427
34800 430
35100 436
35400 437
35700 440
36000 442
36300 446
36600 448
36900 450
37200 455
37500 458
37800 460
38100 460
38400 461
38700 466
39000 470
39300 475
39600 481
39900 482
40200 483
40500 486
40800 490
41100 491
41400 492
41700 494
42000 495
42300 498
42600 502
42900 505
43200 506
43500 509
43800 512
44100 513
44400 515
44700 518
45000 519
45300 519
45600 520
45900 520
46200 522
46500 526
46800 528
47100 530
47400 538
47700 540
48000 543
48300 548
48600 550
48900 557
49200 569
49500 577
49800 580
50100 585
50400 593
50700 599
51000 602
51300 605
51600 611
51900 613
52200 614
52500 616
52800 622
53100 626
53400 627
53700 630
54000 632
54300 635
54600 637
54900 637
55200 642
55500 644
55800 647
56100 650
56400 656
56700 658
57000 660
57300 665
57600 671
57900 671
58200 676
58500 680
58800 686
59100 689
59400 692
59700 699
60000 707
60300 716
60600 723
60900 732
61200 738
61500 744
61800 750
62100 754
62400 760
62700 770
63000 787
63300 788
63600 793
63900 806
64200 815
64500 827
64800 831
65100 845
65400 856
65700 875
66000 886
66300 897
66600 910
66900 918
67200 927
67500 935
67800 946
68100 962
68400 971
68700 990
69000 999
69300 1015
69600 1029
69900 1042
70200 1054
70500 1067
70800 1079
71100 1092
71400 1109
71700 1129
72000 1149
72300 1163
72600 1171
72900 1191
73200 1211
73500 1224
73800 1235
74100 1247
74400 1261
74700 1271
75000 1279
75300 1290
75600 1299
75900 1313
76200 1322
76500 1331
76800 1351
77100 1361
77400 1369
77700 1382
78000 1390
78300 1409
78600 1418
78900 1428
79200 1439
79500 1446
79800 1462
80100 1476
80400 1490
80700 1509
81000 1524
81300 1539
81600 1552
81900 1563
82200 1570
82500 1593
82800 1606
83100 1617
83400 1623
83700 1634
84000 1647
84300 1665
84600 1675
84900 1691
85200 1702
85500 1713
85800 1729
86100 1742
86400 1756
86700 1773
87000 1779
