Total number of shelters: 5431
300 0
600 0
900 0
1200 0
1500 0
1800 0
2100 0
2400 0
2700 0
3000 0
3300 0
3600 1
3900 1
4200 1
4500 1
4800 1
5100 1
5400 1
5700 1
6000 1
6300 2
6600 2
6900 4
7200 5
7500 5
7800 7
8100 8
8400 9
8700 10
9000 10
9300 10
9600 11
9900 13
10200 14
10500 15
10800 16
11100 17
11400 17
11700 19
12000 22
12300 25
12600 26
12900 28
13200 28
13500 28
13800 30
14100 32
14400 32
14700 34
15000 37
15300 37
15600 38
15900 39
16200 39
16500 39
16800 40
17100 42
17400 42
17700 45
18000 47
18300 51
18600 52
18900 53
19200 54
19500 54
19800 57
20100 57
20400 57
20700 57
21000 59
21300 60
21600 61
21900 63
22200 65
22500 65
22800 65
23100 66
23400 66
23700 66
24000 67
24300 68
24600 69
24900 70
25200 72
25500 72
25800 72
26100 72
26400 72
26700 73
27000 77
27300 78
27600 79
27900 79
28200 81
28500 81
28800 82
29100 82
29400 83
29700 85
30000 85
30300 85
30600 85
30900 85
31200 87
31500 90
31800 91
32100 93
32400 93
32700 93
33000 93
33300 93
33600 95
33900 98
34200 105
34500 105
34800 107
35100 109
35400 111
35700 111
36000 111
36300 111
36600 112
36900 114
37200 116
37500 117
37800 122
38100 124
38400 125
38700 126
39000 129
39300 131
39600 133
39900 133
40200 133
40500 135
40800 135
41100 137
41400 141
41700 143
42000 147
42300 149
42600 150
42900 153
43200 156
43500 158
43800 159
44100 159
44400 162
44700 165
45000 166
45300 167
45600 171
45900 174
46200 181
46500 186
46800 186
47100 186
47400 187
47700 188
48000 190
48300 190
48600 191
48900 191
49200 191
49500 191
49800 191
50100 191
50400 191
50700 192
51000 192
51300 193
51600 196
51900 197
52200 197
52500 200
52800 201
53100 201
53400 201
53700 201
54000 201
54300 203
54600 208
54900 208
55200 209
55500 210
55800 211
56100 211
56400 213
56700 213
57000 215
57300 217
57600 221
57900 221
58200 224
58500 226
58800 228
59100 235
59400 238
59700 240
60000 240
60300 244
60600 248
60900 253
61200 255
61500 256
61800 259
62100 264
62400 269
62700 271
63000 273
63300 277
63600 281
63900 284
64200 287
64500 288
64800 289
65100 293
65400 296
65700 301
66000 308
66300 312
66600 319
66900 322
67200 328
67500 332
67800 334
68100 342
68400 349
68700 352
69000 353
69300 359
69600 362
69900 366
70200 373
70500 376
70800 380
71100 389
71400 395
71700 404
72000 409
72300 410
72600 414
72900 423
73200 428
73500 435
73800 439
74100 446
74400 449
74700 455
75000 459
75300 463
75600 465
75900 472
76200 478
76500 485
76800 493
77100 498
77400 503
77700 512
78000 518
78300 522
78600 527
78900 533
79200 536
79500 541
79800 545
80100 549
80400 553
80700 558
81000 562
81300 567
81600 578
81900 583
82200 587
82500 593
82800 597
83100 604
83400 610
83700 615
84000 616
84300 620
84600 624
84900 634
85200 644
85500 651
85800 655
86100 662
86400 668
86700 677
87000 678
