Total number of shelters: 5389
300 0
600 0
900 0
1200 0
1500 1
1800 1
2100 3
2400 5
2700 5
3000 9
3300 9
3600 12
3900 13
4200 17
4500 18
4800 21
5100 23
5400 27
5700 32
6000 34
6300 38
6600 43
6900 44
7200 48
7500 48
7800 51
8100 55
8400 58
8700 61
9000 64
9300 68
9600 73
9900 75
10200 76
10500 79
10800 82
11100 86
11400 90
11700 92
12000 94
12300 97
12600 97
12900 99
13200 103
13500 106
13800 108
14100 112
14400 117
14700 120
15000 124
15300 125
15600 127
15900 129
16200 130
16500 134
16800 136
17100 139
17400 143
17700 145
18000 146
18300 148
18600 150
18900 151
19200 154
19500 159
19800 162
20100 164
20400 166
20700 166
21000 167
21300 171
21600 172
21900 174
22200 176
22500 178
22800 179
23100 182
23400 182
23700 183
24000 185
24300 185
24600 188
24900 193
25200 196
25500 199
25800 200
26100 201
26400 201
26700 202
27000 203
27300 203
27600 209
27900 211
28200 214
28500 216
28800 218
29100 220
29400 223
29700 224
30000 226
30300 231
30600 232
30900 236
31200 238
31500 239
31800 244
32100 245
32400 247
32700 247
33000 248
33300 250
33600 252
33900 256
34200 257
34500 259
34800 260
35100 261
35400 263
35700 265
36000 265
36300 266
36600 269
36900 269
37200 271
37500 271
37800 274
38100 277
38400 278
38700 279
39000 282
39300 283
39600 283
39900 285
40200 285
40500 287
40800 290
41100 290
41400 291
41700 292
42000 296
42300 297
42600 298
42900 298
43200 299
43500 300
43800 301
44100 303
44400 304
44700 305
45000 306
45300 309
45600 310
45900 311
46200 312
46500 315
46800 317
47100 318
47400 320
47700 321
48000 322
48300 322
48600 323
48900 327
49200 331
49500 335
49800 342
50100 348
50400 350
50700 352
51000 355
51300 361
51600 364
51900 367
52200 370
52500 373
52800 375
53100 377
53400 379
53700 383
54000 384
54300 385
54600 386
54900 387
55200 388
55500 389
55800 392
56100 395
56400 400
56700 403
57000 406
57300 411
57600 413
57900 414
58200 417
58500 419
58800 424
59100 426
59400 427
59700 433
60000 435
60300 441
60600 443
60900 447
61200 450
61500 452
61800 456
62100 460
62400 466
62700 471
63000 479
63300 484
63600 494
63900 502
64200 506
64500 511
64800 516
65100 522
65400 530
65700 540
66000 549
66300 555
66600 558
66900 568
67200 573
67500 577
67800 580
68100 581
68400 591
68700 597
69000 606
69300 616
69600 626
69900 641
70200 648
70500 654
70800 662
71100 672
71400 682
71700 693
72000 695
72300 699
72600 701
72900 711
73200 726
73500 744
73800 748
74100 754
74400 762
74700 768
75000 777
75300 786
75600 793
75900 797
76200 805
76500 809
76800 816
77100 824
77400 831
77700 841
78000 850
78300 857
78600 862
78900 871
79200 881
79500 886
79800 892
80100 902
80400 905
80700 910
81000 920
81300 929
81600 940
81900 948
82200 957
82500 965
82800 970
83100 981
83400 990
83700 999
84000 1007
84300 1015
84600 1024
84900 1035
85200 1046
85500 1052
85800 1068
86100 1077
86400 1088
86700 1098
87000 1101
