0 0.73761532585062
1 0.897337956161486
2 0.937709349474055
3 0.956455309396486
4 0.968384556619851
5 0.975260034083564
6 0.981018981018981
7 0.984662396427102
8 0.987541869894811
9 0.989833695716049
10 0.991479109126168
11 0.992713169183757
12 0.993712170182758
13 0.994769935946407
14 0.995768936945408
15 0.996650408415114
16 0.997061761767644
17 0.997296820826233
18 0.997531879884821
19 0.998060762766645
20 0.998178292295939
21 0.998295821825234
22 0.998413351354528
23 0.998765939942411
24 0.998883469471705
25 0.999059763765646
26 0.99917729329494
27 0.999236058059587
28 0.999294822824235
29 0.999353587588882
31 0.999412352353529
35 0.999471117118176
38 0.999529881882823
40 0.99958864664747
49 0.999647411412117
51 0.999706176176764
73 0.999764940941412
77 0.999823705706059
92 0.999882470470706
117 0.999941235235353
231 1
