0 0.382743362831858
1 0.560103244837758
2 0.796828908554572
3 0.895280235988201
4 0.924778761061947
5 0.937684365781711
6 0.950589970501475
7 0.962758112094395
8 0.968289085545723
9 0.974557522123894
10 0.976401179941003
11 0.977507374631268
12 0.979351032448378
13 0.981563421828909
14 0.98377581120944
15 0.986356932153392
16 0.98783185840708
17 0.990781710914454
18 0.992256637168142
19 0.994100294985251
20 0.995206489675516
21 0.995575221238938
22 0.996312684365782
23 0.997418879056047
24 0.997787610619469
25 0.999631268436578
26 1
