0 0.630737002475719
1 0.755665587507142
2 0.836602551894877
3 0.892782327175776
4 0.932203389830508
5 0.963816415920777
6 0.979432489049705
7 0.984955246619691
8 0.988002285278994
9 0.990478004189678
10 0.99143020377071
11 0.99200152351933
12 0.992763283184155
13 0.992953723100362
14 0.993715482765188
15 0.994858122262426
16 0.995429442011046
19 0.995619881927252
20 0.995810321843458
21 0.996000761759665
22 0.996572081508284
23 0.996762521424491
25 0.996952961340697
34 0.997143401256903
35 0.99733384117311
36 0.997524281089316
39 0.997714721005523
45 0.997905160921729
47 0.998095600837936
55 0.998476480670349
59 0.998666920586555
64 0.998857360502761
67 0.999047800418968
72 0.999238240335174
77 0.999428680251381
79 0.999619120167587
80 0.999809560083794
114 1
