300.615161 0.005053043365478516 0.0061779022216796875 0.0067653656005859375 0.006806850433349609 0.009814262390136719
600.590826 0.010004997253417969 0.012186050415039062 0.013555049896240234 0.01370096206665039 0.020313262939453125
901.23821 0.015044212341308594 0.018304824829101562 0.020287513732910156 0.020585060119628906 0.0313868522644043
1200.541812 0.02007150650024414 0.02443981170654297 0.027009963989257812 0.027378559112548828 0.04222869873046875
1500.001906 0.024712085723876953 0.030153274536132812 0.03322792053222656 0.03376197814941406 0.05198955535888672
1800.0054380000001 0.029578685760498047 0.03610801696777344 0.03972434997558594 0.04030323028564453 0.062244415283203125
2100.468434 0.03470134735107422 0.042455196380615234 0.046808719635009766 0.04752969741821289 0.07451152801513672
2400.178417 0.03981590270996094 0.048677921295166016 0.05373334884643555 0.05449628829956055 0.08463811874389648
2700.419673 0.04490995407104492 0.05479574203491211 0.06073617935180664 0.061655521392822266 0.09516286849975586
3000.395117 0.049959659576416016 0.060964107513427734 0.06760883331298828 0.06863737106323242 0.10434770584106445
3300.0001949999996 0.05488872528076172 0.06703376770019531 0.07420492172241211 0.07523345947265625 0.11371612548828125
3600.3462459999996 0.05983924865722656 0.0730142593383789 0.08096075057983398 0.08205890655517578 0.12302303314208984
3900.84437 0.0651102066040039 0.07959699630737305 0.08849573135375977 0.08971118927001953 0.13361406326293945
4200.269724 0.0752253532409668 0.09127140045166016 0.10077476501464844 0.10213708877563477 0.14908170700073242
4500.842447999999 0.08035850524902344 0.09756040573120117 0.10756349563598633 0.10907220840454102 0.1589679718017578
4800.392055 0.0850520133972168 0.1033167839050293 0.11388063430786133 0.1154947280883789 0.16965627670288086
5100.2155139999995 0.09421443939208984 0.11385250091552734 0.12514448165893555 0.12675857543945312 0.18400096893310547
5400.769082 0.09897470474243164 0.11973905563354492 0.13151931762695312 0.1332707405090332 0.19340944290161133
5701.963247 0.10725641250610352 0.12916898727416992 0.14172649383544922 0.14368677139282227 0.20618295669555664
6000.18887 0.110992431640625 0.13344097137451172 0.14713525772094727 0.1492748260498047 0.21339941024780273
6300.367534 0.11535120010375977 0.13896417617797852 0.15468406677246094 0.15726470947265625 0.22626447677612305
6602.671059 0.11989545822143555 0.14484596252441406 0.1627202033996582 0.16601848602294922 0.23740530014038086
6901.580556000001 0.12317705154418945 0.1494135856628418 0.1697859764099121 0.17333602905273438 0.2587924003601074
7200.622685 0.12815046310424805 0.16283416748046875 0.18654584884643555 0.19067955017089844 0.2899360656738281
7501.181371999999 0.13167333602905273 0.1678004264831543 0.19414806365966797 0.19905519485473633 0.3143782615661621
7801.157287 0.13547801971435547 0.17295503616333008 0.20188617706298828 0.20755815505981445 0.3380880355834961
8100.257471 0.1405482292175293 0.17930841445922852 0.2101001739501953 0.21665716171264648 0.3533444404602051
8400.027347 0.1445326805114746 0.18445348739624023 0.21735286712646484 0.22412109375 0.36769771575927734
8700.009691 0.1482982635498047 0.18941640853881836 0.2243199348449707 0.2314000129699707 0.38379430770874023
9000.24664 0.1522388458251953 0.19452762603759766 0.2318887710571289 0.23948001861572266 0.4041476249694824
9300.019119 0.1559748649597168 0.19958972930908203 0.23929738998413086 0.24714040756225586 0.42092227935791016
9600.682143 0.15987253189086914 0.20487642288208008 0.24701499938964844 0.25508785247802734 0.4453544616699219
9900.002967999999 0.1646404266357422 0.2110157012939453 0.25551700592041016 0.2640657424926758 0.4651966094970703
10200.023976999999 0.16807270050048828 0.21564149856567383 0.26238203048706055 0.2713179588317871 0.4813704490661621
10501.150139 0.17122650146484375 0.2198958396911621 0.26900720596313477 0.27811145782470703 0.5054144859313965
10800.912658 0.17623281478881836 0.22690391540527344 0.2787790298461914 0.28854990005493164 0.530949592590332
11100.850549 0.1808333396911621 0.23302030563354492 0.287109375 0.29749250411987305 0.5545487403869629
11400.279231 0.18536376953125 0.23876142501831055 0.29516124725341797 0.30629491806030273 0.5821027755737305
11700.44253 0.18856334686279297 0.24290180206298828 0.30095434188842773 0.31284475326538086 0.5932130813598633
12000.41801 0.1923079490661621 0.24772405624389648 0.3073124885559082 0.3198580741882324 0.6071949005126953
12300.674745 0.1961045265197754 0.2524237632751465 0.3135871887207031 0.32645225524902344 0.6154332160949707
12600.337886000001 0.19961214065551758 0.2568168640136719 0.31983423233032227 0.3332095146179199 0.6381654739379883
12901.032746 0.2028365135192871 0.2608370780944824 0.32507801055908203 0.33879661560058594 0.647007942199707
13200.070332 0.20636463165283203 0.2653474807739258 0.3310050964355469 0.3450765609741211 0.6555323600769043
13500.139729999999 0.20949935913085938 0.2691640853881836 0.3357868194580078 0.35004186630249023 0.6621518135070801
13800.146441 0.212493896484375 0.27279043197631836 0.3402829170227051 0.354642391204834 0.6681065559387207
14100.090776000001 0.2156834602355957 0.2765984535217285 0.3451399803161621 0.359621524810791 0.6745238304138184
14400.097591 0.21855592727661133 0.2800455093383789 0.3495674133300781 0.3640871047973633 0.6800589561462402
14701.601177 0.22223949432373047 0.2845587730407715 0.3554654121398926 0.37015295028686523 0.687126636505127
15000.261072 0.22552871704101562 0.2887115478515625 0.3606710433959961 0.3756294250488281 0.6945552825927734
15300.196664 0.22844982147216797 0.2922496795654297 0.36510181427001953 0.3801283836364746 0.7001872062683105
15600.149658 0.23133134841918945 0.29570531845092773 0.36939001083374023 0.38446617126464844 0.7055015563964844
15900.250187 0.23408079147338867 0.2989964485168457 0.3735470771789551 0.38872718811035156 0.7107295989990234
16200.694506 0.23687076568603516 0.3023948669433594 0.3777656555175781 0.39298391342163086 0.715855598449707
16500.196778999998 0.23988103866577148 0.30605125427246094 0.38240861892700195 0.39768409729003906 0.7220025062561035
16800.426896 0.24274158477783203 0.30954504013061523 0.3867454528808594 0.40210866928100586 0.7275147438049316
17100.001792 0.24553346633911133 0.31293201446533203 0.3909754753112793 0.4063577651977539 0.7329139709472656
17400.534316 0.24839162826538086 0.3163423538208008 0.3953089714050293 0.4107670783996582 0.7383403778076172
17700.025498 0.2550544738769531 0.3237028121948242 0.40363454818725586 0.41921281814575195 0.7480745315551758
18000.560609 0.2607278823852539 0.3300633430480957 0.4117007255554199 0.4276003837585449 0.7577552795410156
18300.335099 0.2638840675354004 0.3339056968688965 0.4167599678039551 0.43280839920043945 0.7642250061035156
18600.060689 0.2670154571533203 0.3378429412841797 0.42200183868408203 0.4382209777832031 0.7706513404846191
18901.387290000002 0.2703242301940918 0.34183549880981445 0.4269251823425293 0.44324827194213867 0.776555061340332
19200.043033 0.27308177947998047 0.34529685974121094 0.4313087463378906 0.44777822494506836 0.7819538116455078
19500.081058 0.27583980560302734 0.34871387481689453 0.43549251556396484 0.45205116271972656 0.7870697975158691
19800.025354 0.27885866165161133 0.35234975814819336 0.44000959396362305 0.45656824111938477 0.792229175567627
20100.273785 0.28223323822021484 0.35651206970214844 0.44540834426879883 0.46210193634033203 0.799468994140625
20400.007717 0.28523683547973633 0.36009740829467773 0.4497509002685547 0.466585636138916 0.8054656982421875
20700.608371000002 0.2879605293273926 0.36342811584472656 0.4539170265197754 0.47080516815185547 0.8107724189758301
21000.396322 0.2907223701477051 0.3667564392089844 0.45830202102661133 0.47528791427612305 0.8159608840942383
21300.543725 0.29349184036254883 0.37010860443115234 0.4625425338745117 0.47962379455566406 0.8215384483337402
21600.300586 0.29653453826904297 0.37376832962036133 0.4670834541320801 0.48418760299682617 0.8279204368591309
21900.065328 0.2998080253601074 0.37769174575805664 0.472200870513916 0.4894552230834961 0.8342866897583008
22200.025303 0.303743839263916 0.38236474990844727 0.477938175201416 0.49547863006591797 0.841707706451416
22500.188338 0.3070521354675293 0.38634395599365234 0.48308849334716797 0.5008425712585449 0.8476934432983398
22801.163888 0.3100409507751465 0.38988828659057617 0.4875826835632324 0.5053558349609375 0.8530483245849609
23100.014518 0.3129849433898926 0.3934760093688965 0.49205923080444336 0.5101413726806641 0.8591222763061523
23400.021327 0.31584787368774414 0.39693689346313477 0.4963555335998535 0.5146384239196777 0.8646073341369629
23701.340531 0.31866455078125 0.40030384063720703 0.5006065368652344 0.5189623832702637 0.8701391220092773
24000.003724 0.32144880294799805 0.4036555290222168 0.5047821998596191 0.5231380462646484 0.875669002532959
24300.291718 0.32430076599121094 0.40712881088256836 0.5091519355773926 0.5275468826293945 0.8815608024597168
24600.017281 0.32753849029541016 0.4111061096191406 0.514246940612793 0.5327811241149902 0.8884196281433105
24900.117828 0.33052587509155273 0.41474246978759766 0.5186767578125 0.5373225212097168 0.8946356773376465
25200.155923 0.33341360092163086 0.41814184188842773 0.5230679512023926 0.5418057441711426 0.9004511833190918
25500.12485 0.3366246223449707 0.42195653915405273 0.5280766487121582 0.5468564033508301 0.906867504119873
25800.162924 0.3396010398864746 0.425570011138916 0.5327463150024414 0.5516691207885742 0.9132518768310547
26100.388482000002 0.34248971939086914 0.4290008544921875 0.5370621681213379 0.5561070442199707 0.9188685417175293
26400.223477 0.3451409339904785 0.43220996856689453 0.5411677360534668 0.5602860450744629 0.9244089126586914
26700.230255000002 0.3478107452392578 0.43537139892578125 0.5453062057495117 0.5644741058349609 0.9299778938293457
27000.768309000003 0.35078954696655273 0.438875675201416 0.5499739646911621 0.5692257881164551 0.9363551139831543
27300.400111000003 0.35388755798339844 0.44269847869873047 0.554631233215332 0.5739331245422363 0.9421496391296387
27600.188218000003 0.35655784606933594 0.44595861434936523 0.558631420135498 0.5780019760131836 0.9472179412841797
27900.194997000002 0.35927343368530273 0.4492149353027344 0.5626645088195801 0.5820789337158203 0.9523401260375977
28200.108093000003 0.36181068420410156 0.45226526260375977 0.5665044784545898 0.5860390663146973 0.9570083618164062
28500.021356 0.36478376388549805 0.455902099609375 0.5709171295166016 0.5904746055603027 0.9623775482177734
28800.012596 0.3676786422729492 0.45942115783691406 0.5753250122070312 0.5949015617370605 0.9683589935302734
29100.013778 0.37085390090942383 0.4635887145996094 0.5819077491760254 0.6020631790161133 1.005300521850586
29400.020745 0.37462663650512695 0.4680628776550293 0.5878782272338867 0.6083984375 1.0251522064208984
29700.027444000003 0.3777742385864258 0.47176361083984375 0.5924348831176758 0.6129932403564453 1.030893325805664
30000.00316 0.38083600997924805 0.4755373001098633 0.5971698760986328 0.6178579330444336 1.037013053894043
30300.015163000004 0.38482141494750977 0.48008060455322266 0.6026592254638672 0.6234602928161621 1.0432782173156738
30600.016588000002 0.38846683502197266 0.48458290100097656 0.6081757545471191 0.6290950775146484 1.0505685806274414
30900.007775000002 0.3918924331665039 0.4887566566467285 0.6133174896240234 0.6343097686767578 1.057419776916504
31200.013169 0.3946371078491211 0.49213361740112305 0.6174721717834473 0.6385416984558105 1.0627784729003906
31500.021348000002 0.3982863426208496 0.4964590072631836 0.6225385665893555 0.643646240234375 1.0698237419128418
31800.059608000003 0.40161705017089844 0.5008044242858887 0.6288304328918457 0.6504230499267578 1.0944690704345703
32101.395784 0.40450191497802734 0.5043144226074219 0.6335616111755371 0.6553325653076172 1.1064815521240234
32400.151369000003 0.4075741767883301 0.5080294609069824 0.6381654739379883 0.660006046295166 1.1120781898498535
32700.030276 0.4105687141418457 0.5116825103759766 0.6429781913757324 0.6649408340454102 1.1182527542114258
33000.006114 0.41394567489624023 0.5158696174621582 0.6480579376220703 0.6701040267944336 1.1249170303344727
33300.012648 0.4167475700378418 0.5191779136657715 0.6522221565246582 0.6742873191833496 1.1301603317260742
33600.019475 0.419708251953125 0.5227088928222656 0.6565999984741211 0.6787300109863281 1.1353564262390137
33900.026305 0.4222402572631836 0.5257577896118164 0.6604437828063965 0.6826596260070801 1.1402101516723633
34200.001841000005 0.425048828125 0.5290679931640625 0.6646466255187988 0.6869235038757324 1.1456613540649414
34500.008669 0.427947998046875 0.5325374603271484 0.6690082550048828 0.6914834976196289 1.1514153480529785
34801.25953 0.4307894706726074 0.5359611511230469 0.6732025146484375 0.6956777572631836 1.1570262908935547
35100.115978 0.434389591217041 0.5401535034179688 0.677886962890625 0.7004261016845703 1.164029598236084
35400.029023 0.4374217987060547 0.5437846183776855 0.6821646690368652 0.7048068046569824 1.1698222160339355
35700.004504000004 0.4402604103088379 0.5471630096435547 0.6862196922302246 0.7088809013366699 1.1752758026123047
36000.073818000004 0.44278383255004883 0.5501627922058105 0.6899418830871582 0.7126564979553223 1.179875373840332
36300.041455000006 0.44585132598876953 0.5539073944091797 0.6946859359741211 0.7174406051635742 1.186192512512207
36600.01702200001 0.4485740661621094 0.5572719573974609 0.6988401412963867 0.7216958999633789 1.1913352012634277
36900.117557000005 0.4511594772338867 0.5604038238525391 0.7026691436767578 0.7255754470825195 1.1957411766052246
37200.061894000006 0.45398426055908203 0.563875675201416 0.7068619728088379 0.7298221588134766 1.20111083984375
37500.719149000004 0.45648622512817383 0.5668559074401855 0.7105135917663574 0.7335515022277832 1.2056665420532227
37800.075519000005 0.45922422409057617 0.5700912475585938 0.7144889831542969 0.7375903129577637 1.2109475135803223
38100.144823 0.46193790435791016 0.5734639167785645 0.718757152557373 0.7419252395629883 1.2162938117980957
38400.18287900001 0.46483659744262695 0.5770516395568848 0.7230925559997559 0.7463197708129883 1.2214627265930176
38700.222225000005 0.46741390228271484 0.5801959037780762 0.7268815040588379 0.750178337097168 1.225914478302002
39000.13405200001 0.46990251541137695 0.5832533836364746 0.730675220489502 0.7540173530578613 1.2308588027954102
39300.01896100001 0.47616147994995117 0.5900564193725586 0.7383589744567871 0.7617583274841309 1.2394161224365234
39600.11647000001 0.4864006042480469 0.6009693145751953 0.7500042915344238 0.773472785949707 1.252016544342041
39900.105330000006 0.4897327423095703 0.6050376892089844 0.7551178932189941 0.7788906097412109 1.2582087516784668
40200.17475600001 0.4927058219909668 0.6088752746582031 0.7602066993713379 0.7841668128967285 1.26438570022583
40500.150239 0.49554443359375 0.6122422218322754 0.7643022537231445 0.7882623672485352 1.2690820693969727
40800.06332100001 0.4981250762939453 0.6153979301452637 0.7682323455810547 0.7922153472900391 1.273979663848877
41100.00765200001 0.5006394386291504 0.6184959411621094 0.7720503807067871 0.7960996627807617 1.2786293029785156
41400.07696900001 0.5035181045532227 0.6219549179077148 0.7763333320617676 0.800471305847168 1.2838411331176758
41700.02147100001 0.5062856674194336 0.6253929138183594 0.7805333137512207 0.8046712875366211 1.2890868186950684
42000.05943200001 0.5087218284606934 0.6284189224243164 0.7842955589294434 0.8085031509399414 1.2933001518249512
42300.25378400001 0.5114030838012695 0.631739616394043 0.7885317802429199 0.8128113746643066 1.298060417175293
42600.01061500001 0.5138635635375977 0.634772777557373 0.792294979095459 0.8166813850402832 1.3025341033935547
42900.079937 0.5166053771972656 0.6380419731140137 0.7963318824768066 0.8208022117614746 1.307347297668457
43200.11805700001 0.5190467834472656 0.640986442565918 0.7999515533447266 0.824467658996582 1.3117518424987793
43500.115282 0.5216832160949707 0.644310474395752 0.8041353225708008 0.8286919593811035 1.316584587097168
43800.012759000005 0.5267715454101562 0.6499714851379395 0.8107461929321289 0.8353333473205566 1.3236494064331055
44100.576342 0.5295519828796387 0.6533398628234863 0.8148965835571289 0.8395862579345703 1.3287081718444824
44400.167029000004 0.539888858795166 0.6643791198730469 0.8267979621887207 0.8515067100524902 1.3413939476013184
44700.205132 0.5421714782714844 0.6671314239501953 0.8304319381713867 0.8553409576416016 1.3457236289978027
45000.118311000006 0.5446786880493164 0.670161247253418 0.8342227935791016 0.8591699600219727 1.3500542640686035
45300.562563 0.5471601486206055 0.6732306480407715 0.8379826545715332 0.8629574775695801 1.3544950485229492
45600.725554000004 0.5495986938476562 0.6762781143188477 0.8416643142700195 0.8666810989379883 1.358616828918457
45900.076168 0.5521564483642578 0.6793904304504395 0.8453564643859863 0.8704800605773926 1.3628020286560059
46200.645369000005 0.5546231269836426 0.6824836730957031 0.8492069244384766 0.8743610382080078 1.3672642707824707
46500.527179000004 0.5570058822631836 0.6853070259094238 0.8526978492736816 0.8778963088989258 1.3715558052062988
46800.127756 0.5599875450134277 0.6890478134155273 0.8574914932250977 0.8827643394470215 1.3770008087158203
47100.138761 0.5627856254577637 0.6925110816955566 0.8619275093078613 0.8872003555297852 1.3819360733032227
47400.020615 0.5659451484680176 0.6963973045349121 0.8666796684265137 0.8921399116516113 1.38765287399292
47700.027481000005 0.5687031745910645 0.6997346878051758 0.870814323425293 0.8963503837585449 1.3928699493408203
48000.03425700001 0.5712800025939941 0.702880859375 0.8747920989990234 0.900423526763916 1.3975286483764648
48300.06707600001 0.5740866661071777 0.7062535285949707 0.8794288635253906 0.9052376747131348 1.4029459953308105
48600.11040900001 0.5770540237426758 0.7098851203918457 0.8838105201721191 0.9096651077270508 1.4081988334655762
48900.086006000005 0.5796523094177246 0.7131500244140625 0.8877773284912109 0.9136562347412109 1.4127464294433594
49200.030294000004 0.5823431015014648 0.7164325714111328 0.8918876647949219 0.9178504943847656 1.4174671173095703
49500.006047 0.5848751068115234 0.7195572853088379 0.895805835723877 0.9218120574951172 1.4219183921813965
49800.04395300001 0.587611198425293 0.7228736877441406 0.8997440338134766 0.9258017539978027 1.4266858100891113
50100.05076500001 0.5900912284851074 0.7258796691894531 0.9034481048583984 0.9295611381530762 1.4309711456298828
50400.057553000006 0.5925459861755371 0.7288331985473633 0.9070653915405273 0.9332141876220703 1.4353322982788086
50700.07838100001 0.595311164855957 0.7322607040405273 0.9113373756408691 0.9375286102294922 1.4403276443481445
51000.116570000006 0.5978198051452637 0.7353920936584473 0.9151926040649414 0.9414410591125488 1.4446220397949219
51300.092092000006 0.6005673408508301 0.7386784553527832 0.9192056655883789 0.9455451965332031 1.4495644569396973
51600.145800000006 0.6038336753845215 0.7425899505615234 0.9238381385803223 0.9502501487731934 1.455251693725586
51900.21492600001 0.6063714027404785 0.7456479072570801 0.9277167320251465 0.9542303085327148 1.4600062370300293
52200.01872900001 0.6089773178100586 0.7487311363220215 0.9315543174743652 0.9580869674682617 1.4643769264221191
52500.009926000006 0.6115479469299316 0.7519516944885254 0.9354963302612305 0.9621725082397461 1.4691181182861328
52800.32924100001 0.6140232086181641 0.7549834251403809 0.939204216003418 0.9658803939819336 1.4733519554138184
53100.33420000001 0.6167926788330078 0.7581815719604492 0.9432578086853027 0.9700770378112793 1.4780750274658203
53400.03017800001 0.6196174621582031 0.7615771293640137 0.9475193023681641 0.9743900299072266 1.4832682609558105
53700.03697600001 0.6221532821655273 0.7646570205688477 0.9513087272644043 0.9782061576843262 1.4875402450561523
54000.04375900001 0.624870777130127 0.7679338455200195 0.9553866386413574 0.9824328422546387 1.4923834800720215
54300.00746600001 0.6299386024475098 0.773676872253418 0.9622468948364258 0.9893693923950195 1.500089168548584
54600.13913800001 0.632786750793457 0.7772378921508789 0.9666128158569336 0.993833065032959 1.505155086517334
54900.02097000001 0.6352272033691406 0.7802734375 0.9702777862548828 0.9974980354309082 1.5092430114746094
55200.24651000001 0.637786865234375 0.7833647727966309 0.9742579460144043 1.001596450805664 1.514017105102539
55500.409669000015 0.6401848793029785 0.7862224578857422 0.9778289794921875 1.0051851272583008 1.518259048461914
55800.063553000015 0.6492695808410645 0.7960448265075684 0.9883790016174316 1.015754222869873 1.529536247253418
56100.01696100001 0.6626920700073242 0.8101954460144043 1.0034489631652832 1.0308780670166016 1.5453534126281738
56400.02366900001 0.665520191192627 0.8136758804321289 1.007863998413086 1.0353741645812988 1.5506725311279297
56700.03063100001 0.6684446334838867 0.8172793388366699 1.0125012397766113 1.0401201248168945 1.5566511154174805
57000.11224100001 0.671541690826416 0.8210363388061523 1.0171942710876465 1.0448131561279297 1.562173843383789
57300.01298900001 0.6754493713378906 0.825495719909668 1.0224123001098633 1.0501580238342285 1.568525791168213
57600.01976500001 0.6984505653381348 0.849189281463623 1.046903133392334 1.0747323036193848 1.5937809944152832
57900.040122000006 0.7073869705200195 0.8589353561401367 1.0577783584594727 1.0857577323913574 1.6060490608215332
58200.16647500001 0.7105307579040527 0.862795352935791 1.0623645782470703 1.0904545783996582 1.6115312576293945
58500.24694300001 0.7135562896728516 0.8667502403259277 1.0671343803405762 1.0953102111816406 1.6168723106384277
58800.029227000006 0.7163734436035156 0.8702764511108398 1.071519374847412 1.0998196601867676 1.6221961975097656
59100.00452800001 0.7189598083496094 0.8733692169189453 1.07554292678833 1.1039118766784668 1.6270637512207031
59400.01131000001 0.7222332954406738 0.877199649810791 1.0801706314086914 1.1086359024047852 1.632798194885254
59700.65139400001 0.7249412536621094 0.8805561065673828 1.0842938423156738 1.112830638885498 1.6379446983337402
60000.11871100001 0.7278823852539062 0.8840875625610352 1.088611125946045 1.117234230041504 1.643075942993164
60300.00061500001 0.7306003570556641 0.8873729705810547 1.0925908088684082 1.1212596893310547 1.6480793952941895
60600.00726600001 0.7336969375610352 0.891150951385498 1.0970535278320312 1.1257834434509277 1.6535301208496094
60900.01403500001 0.7360248565673828 0.8940291404724121 1.1005549430847168 1.1293668746948242 1.6578426361083984
61200.02093600001 0.7393636703491211 0.8980603218078613 1.105482578277588 1.1343135833740234 1.6636552810668945
61500.10344400001 0.7427220344543457 0.9021539688110352 1.1104836463928223 1.1394710540771484 1.669853687286377
61802.77555900001 0.7455153465270996 0.9056696891784668 1.1148004531860352 1.1438851356506348 1.675516128540039
62100.02335200001 0.7484407424926758 0.9092340469360352 1.1190919876098633 1.1482605934143066 1.6806821823120117
62400.01454000001 0.751826286315918 0.9132113456726074 1.123974323272705 1.1531848907470703 1.6865429878234863
62700.021403000006 0.7568960189819336 0.9188327789306641 1.1302862167358398 1.159566879272461 1.6935620307922363
63000.028195000006 0.7599430084228516 0.922576904296875 1.1349067687988281 1.1643438339233398 1.6988234519958496
63300.05061900001 0.7735776901245117 0.9369907379150391 1.1498255729675293 1.1793169975280762 1.7147502899169922
63601.847678000006 0.7777004241943359 0.9419794082641602 1.1554274559020996 1.1849875450134277 1.7216458320617676
63900.36113800001 0.780853271484375 0.9456663131713867 1.1595301628112793 1.1891465187072754 1.726731777191162
64200.33670400001 0.7841243743896484 0.9495420455932617 1.1638712882995605 1.1935172080993652 1.732283592224121
64500.31227100001 0.7872271537780762 0.9531869888305664 1.1679816246032715 1.1976542472839355 1.7373685836791992
64801.14718300001 0.7903451919555664 0.9568648338317871 1.172250747680664 1.2020139694213867 1.7424139976501465
65100.66078400001 0.794212818145752 0.9615659713745117 1.177708625793457 1.2075176239013672 1.7491340637207031
65401.807892000004 0.7974338531494141 0.9653987884521484 1.1819839477539062 1.2119035720825195 1.7549428939819336
65701.580436 0.8007707595825195 0.9692482948303223 1.1864681243896484 1.216444492340088 1.7603697776794434
66000.58722300001 0.8042440414428711 0.9734148979187012 1.1912832260131836 1.221275806427002 1.7662911415100098
66300.469138 0.8073949813842773 0.9771881103515625 1.1954493522644043 1.225534439086914 1.7715764045715332
66600.30398900001 0.8110713958740234 0.9814410209655762 1.2001934051513672 1.230384349822998 1.7777295112609863
66900.279599 0.8144631385803223 0.9855427742004395 1.204817771911621 1.2350921630859375 1.783463478088379
67200.069852 0.8171148300170898 0.9888582229614258 1.2093505859375 1.2399048805236816 1.7912273406982422
67500.230712 0.8300638198852539 1.0024299621582031 1.224339485168457 1.2552604675292969 1.8092093467712402
67800.018767 0.8404474258422852 1.0142464637756348 1.238863468170166 1.2706637382507324 1.8596525192260742
68100.07473200001 0.8471336364746094 1.022028923034668 1.2486891746520996 1.2812175750732422 1.889254093170166
68400.03241700001 0.8510642051696777 1.0268621444702148 1.2553210258483887 1.2884793281555176 1.9161815643310547
68700.005971 0.8539495468139648 1.0307607650756836 1.261366844177246 1.2949042320251465 1.9419660568237305
69000.012438 0.8574991226196289 1.0355181694030762 1.2679405212402344 1.302323818206787 1.9636077880859375
69300.01924400001 0.8608283996582031 1.0400075912475586 1.274709701538086 1.3097853660583496 1.9937772750854492
69600.001153 0.8649325370788574 1.0451936721801758 1.2814669609069824 1.3169164657592773 2.01401948928833
69900.657961 0.8678431510925293 1.0490527153015137 1.287322998046875 1.3233275413513184 2.0537257194519043
70200.00852000002 0.8712091445922852 1.0534062385559082 1.2929306030273438 1.3295373916625977 2.0643768310546875
70500.01536500001 0.8740196228027344 1.0568675994873047 1.297236442565918 1.3339200019836426 2.0695595741271973
70800.012222 0.8789510726928711 1.0624470710754395 1.3036017417907715 1.3403496742248535 2.0780043601989746
71100.01341000001 0.8825693130493164 1.0667901039123535 1.3092684745788574 1.346231460571289 2.0860538482666016
71400.02025900001 0.886106014251709 1.0710444450378418 1.3145461082458496 1.3517112731933594 2.093146800994873
71700.05832600001 0.8889427185058594 1.0745859146118164 1.3189992904663086 1.3561840057373047 2.0987753868103027
72000.01870100001 0.9037485122680664 1.090059757232666 1.335503101348877 1.3729491233825684 2.1171035766601562
72300.801831 0.9154253005981445 1.1026358604431152 1.3491549491882324 1.3867392539978027 2.133326530456543
72600.00799000001 0.9191927909851074 1.1070961952209473 1.354546070098877 1.392256259918213 2.140251636505127
72900.03024200001 0.9252347946166992 1.1138434410095215 1.3623194694519043 1.4002647399902344 2.1492691040039062
73200.11630200001 0.9319372177124023 1.121131420135498 1.3705992698669434 1.4087047576904297 2.1592183113098145
73500.028122 0.9371156692504883 1.1272034645080566 1.377610206604004 1.4160208702087402 2.169027328491211
73800.03492700002 0.9404234886169434 1.1313657760620117 1.3829083442687988 1.4219331741333008 2.1768112182617188
74100.01044800002 0.9438753128051758 1.135702133178711 1.388221263885498 1.427344799041748 2.1835250854492188
74400.00160300001 0.947786808013916 1.1403088569641113 1.393789291381836 1.4333138465881348 2.1905694007873535
74700.00837600001 0.9508705139160156 1.1441407203674316 1.3987388610839844 1.4385313987731934 2.1971683502197266
75000.01533300002 0.9538383483886719 1.1477775573730469 1.4035086631774902 1.4435200691223145 2.203526496887207
75300.600107 0.9570612907409668 1.1516833305358887 1.4084901809692383 1.4486594200134277 2.211575984954834
75600.01316900001 0.9619946479797363 1.1572003364562988 1.4150371551513672 1.4556021690368652 2.220749855041504
75900.014372 0.9656462669372559 1.161771297454834 1.4208555221557617 1.4615907669067383 2.228278160095215
76200.333631 0.9686741828918457 1.1655588150024414 1.4259767532348633 1.4669523239135742 2.2348928451538086
76500.30917400001 0.9722700119018555 1.1698570251464844 1.4314918518066406 1.4725942611694336 2.2421841621398926
76800.01912 0.9776277542114258 1.1759061813354492 1.4387612342834473 1.4800982475280762 2.250882148742676
77100.026325 0.989448070526123 1.1883950233459473 1.4521732330322266 1.4936437606811523 2.2658181190490723
77400.017454 0.9974861145019531 1.1972675323486328 1.4622597694396973 1.5040092468261719 2.2777042388916016
77700.08846 1.0034117698669434 1.204127311706543 1.470165729522705 1.5120139122009277 2.2872824668884277
78000.03069 1.0068325996398926 1.2082633972167969 1.4756126403808594 1.5176849365234375 2.2944531440734863
78300.021893 1.0108633041381836 1.213050365447998 1.4815449714660645 1.523721694946289 2.3018288612365723
78600.013121 1.014723300933838 1.2177119255065918 1.487297534942627 1.5296893119812012 2.309386730194092
78900.11358800001 1.0178241729736328 1.2215380668640137 1.4919896125793457 1.5344781875610352 2.3158955574035645
79200.057793 1.0219712257385254 1.2442235946655273 1.5185356140136719 1.5624122619628906 2.3461718559265137
79500.008042 1.0270318984985352 1.298095703125 1.590583324432373 1.6467623710632324 2.443587303161621
79800.281133 1.0317482948303223 1.3399701118469238 1.6461234092712402 1.7103567123413086 2.5150275230407715
80100.096919 1.0351357460021973 1.3449506759643555 1.6527743339538574 1.7178354263305664 2.5242819786071777
80400.012799 1.038045883178711 1.3485441207885742 1.65724515914917 1.7223811149597168 2.529857635498047
80700.003936 1.0413603782653809 1.3524885177612305 1.6620326042175293 1.7272982597351074 2.5360946655273438
81000.088915 1.044517993927002 1.3563146591186523 1.6667237281799316 1.732069492340088 2.5422496795654297
81300.019817 1.047682285308838 1.3601245880126953 1.6713385581970215 1.7368707656860352 2.548159122467041
81600.008852 1.052931308746338 1.3663067817687988 1.6793866157531738 1.7453341484069824 2.5740628242492676
81900.015415 1.055701732635498 1.3696398735046387 1.683626651763916 1.749706745147705 2.579495429992676
82200.186514 1.0802488327026367 1.3948464393615723 1.710008144378662 1.7762203216552734 2.607177734375
82500.013437 1.0847082138061523 1.4000358581542969 1.716336727142334 1.7826824188232422 2.6147537231445312
82800.549625 1.0895261764526367 1.4056997299194336 1.7232847213745117 1.7898063659667969 2.6234512329101562
83100.34251 1.0954623222351074 1.4125823974609375 1.7309398651123047 1.7975759506225586 2.6345248222351074
83400.766021 1.0996465682983398 1.4177184104919434 1.736682415008545 1.8034496307373047 2.64347505569458
83700.293606 1.1036295890808105 1.4223580360412598 1.7419705390930176 1.8088502883911133 2.6513214111328125
84000.269233 1.107353687286377 1.4267659187316895 1.7468857765197754 1.8137884140014648 2.658405303955078
84300.24481100001 1.1105895042419434 1.4305129051208496 1.7510828971862793 1.8180012702941895 2.6647000312805176
84601.220312 1.1147055625915527 1.4352612495422363 1.7563071250915527 1.82344388961792 2.674067497253418
84900.196089 1.1184649467468262 1.4397802352905273 1.7614860534667969 1.828664779663086 2.6824278831481934
85200.171556 1.1220083236694336 1.4439711570739746 1.766127109527588 1.833395004272461 2.6895971298217773
85500.147117 1.1257586479187012 1.4484338760375977 1.7710928916931152 1.8384361267089844 2.6967110633850098
85800.122663 1.129321575164795 1.452685832977295 1.775815486907959 1.8432154655456543 2.7042651176452637
86101.613776 1.1327805519104004 1.456779956817627 1.7803268432617188 1.8477463722229004 2.711428165435791
86400.07387600001 1.1364660263061523 1.4610700607299805 1.7851243019104004 1.8525915145874023 2.718254566192627
86517.565226 1.1377968788146973 1.462820053100586 1.787707805633545 1.85532808303833 2.7251434326171875
