300.000864 0.004458427429199219 0.02820301055908203 0.032206058502197266 0.03303384780883789 0.05557870864868164
600.0187830000001 0.00774383544921875 0.057581424713134766 0.0659785270690918 0.06759214401245117 0.11153364181518555
900.0007889999999 0.010979652404785156 0.09140348434448242 0.1046290397644043 0.10739564895629883 0.16820955276489258
1200.030843 0.015528202056884766 0.12244224548339844 0.1392049789428711 0.14293289184570312 0.2323446273803711
1500.0095330000001 0.019131183624267578 0.15381717681884766 0.17508888244628906 0.17958736419677734 0.2911052703857422
1800.014196 0.022758960723876953 0.18857240676879883 0.21567392349243164 0.2215738296508789 0.35620880126953125
2100.009918 0.027152061462402344 0.21578741073608398 0.2466139793395996 0.25325775146484375 0.40804529190063477
2400.001053 0.03028583526611328 0.2481403350830078 0.2836132049560547 0.29107141494750977 0.4673914909362793
2700.048467 0.03594779968261719 0.2851390838623047 0.3255000114440918 0.3346414566040039 0.5287809371948242
3000.00183 0.047353267669677734 0.3268609046936035 0.37299537658691406 0.3856668472290039 0.6178436279296875
3300.01278 0.053689002990722656 0.3634815216064453 0.41481733322143555 0.42972564697265625 0.6903791427612305
3600.127628 0.06233644485473633 0.40177297592163086 0.45987558364868164 0.47878551483154297 0.7611637115478516
3900.009157 0.06719064712524414 0.44083690643310547 0.5044097900390625 0.5249061584472656 0.8298521041870117
4200.028866000001 0.0718374252319336 0.47162342071533203 0.5391297340393066 0.5608162879943848 0.8867039680480957
4500.080184 0.07476568222045898 0.5005626678466797 0.5719609260559082 0.5950651168823242 0.9411325454711914
4800.000675 0.0774540901184082 0.5251336097717285 0.5999059677124023 0.6241168975830078 0.9890670776367188
5100.24154 0.0817403793334961 0.5543642044067383 0.6322503089904785 0.6576285362243652 1.0493102073669434
5400.180361000001 0.08483457565307617 0.5819730758666992 0.6635699272155762 0.6901955604553223 1.1038827896118164
5700.004319 0.08770990371704102 0.6092410087585449 0.6944589614868164 0.7222027778625488 1.1753673553466797
6000.006833 0.0920858383178711 0.638066291809082 0.72698974609375 0.7556872367858887 1.2273592948913574
6300.001183 0.09511661529541016 0.6680011749267578 0.7605729103088379 0.7901897430419922 1.280557632446289
6600.004038 0.09842443466186523 0.6990652084350586 0.7957034111022949 0.8269948959350586 1.3355321884155273
6900.004745 0.12376213073730469 0.7546467781066895 0.8557648658752441 0.8889060020446777 1.419227123260498
7200.022879 0.16518831253051758 0.8410296440124512 0.9634246826171875 1.0141839981079102 1.5967864990234375
7500.015844 0.17029333114624023 0.8668479919433594 0.9936704635620117 1.0451264381408691 1.6532135009765625
7800.013755 0.21981239318847656 0.9749851226806641 1.1218633651733398 1.1901006698608398 1.8573026657104492
8100.013387 0.2254018783569336 1.0212602615356445 1.1771273612976074 1.2481956481933594 1.9324722290039062
8400.056004 0.23627758026123047 1.0575108528137207 1.2194933891296387 1.2941350936889648 2.00405216217041
8700.038967 0.24243497848510742 1.089158535003662 1.2577710151672363 1.3341865539550781 2.0615358352661133
9000.125321 0.25095129013061523 1.123034954071045 1.299079418182373 1.379974365234375 2.128129005432129
9300.008012999999 0.25859498977661133 1.1537165641784668 1.3359618186950684 1.420095443725586 2.1911520957946777
9600.051258 0.26268720626831055 1.17979097366333 1.3669428825378418 1.4523849487304688 2.2423081398010254
9900.110478 0.2655363082885742 1.2057819366455078 1.39766263961792 1.4845237731933594 2.292849063873291
10200.018296999999 0.27005863189697266 1.2339105606079102 1.430680751800537 1.5189542770385742 2.350663661956787
10500.003703999999 0.2728538513183594 1.259141445159912 1.4609084129333496 1.5506629943847656 2.4026169776916504
10800.025466 0.2756333351135254 1.2828350067138672 1.4892010688781738 1.580672264099121 2.4622278213500977
11100.017994999998 0.27816152572631836 1.3039264678955078 1.5147132873535156 1.608187198638916 2.507481098175049
11400.017487999998 0.28340911865234375 1.3348336219787598 1.5514283180236816 1.6468992233276367 2.5710678100585938
11700.019020999998 0.28589868545532227 1.3561639785766602 1.577188491821289 1.6745009422302246 2.6151070594787598
12000.058205999998 0.288543701171875 1.3828010559082031 1.6094717979431152 1.7089357376098633 2.6760501861572266
12300.028323999999 0.2931699752807617 1.4081363677978516 1.6400785446166992 1.7416329383850098 2.737743854522705
12600.045998999998 0.2959723472595215 1.4355740547180176 1.6728143692016602 1.776684284210205 2.785238742828369
12900.012005999999 0.29829978942871094 1.4606976509094238 1.7034645080566406 1.8098673820495605 2.8365302085876465
13200.024654999997 0.30309486389160156 1.4867196083068848 1.7350831031799316 1.843313217163086 2.887387275695801
13500.286011999999 0.30592870712280273 1.512904167175293 1.7670531272888184 1.8778085708618164 2.9377708435058594
13800.021873999998 0.30934762954711914 1.5398035049438477 1.8008432388305664 1.914231777191162 2.9934964179992676
14100.000299 0.3143882751464844 1.5652151107788086 1.8318099975585938 1.9472813606262207 3.0476202964782715
14400.013855999998 0.3168826103210449 1.591020107269287 1.86311674118042 1.9809837341308594 3.09780216217041
14700.060298999999 0.32132434844970703 1.620218276977539 1.8982772827148438 2.018311023712158 3.1546764373779297
15000.007259999998 0.32471609115600586 1.6472787857055664 1.9312477111816406 2.053375720977783 3.205728530883789
15300.001037999999 0.33009862899780273 1.678666591644287 1.973412036895752 2.0979819297790527 3.2709946632385254
15600.098626999998 0.33434152603149414 1.7084407806396484 2.0086817741394043 2.1353306770324707 3.3283286094665527
15900.011980999998 0.3371429443359375 1.7319540977478027 2.0374631881713867 2.165743350982666 3.374579906463623
16200.010169999998 0.3398313522338867 1.7602429389953613 2.071141242980957 2.2016382217407227 3.4294795989990234
16500.00033 0.3444700241088867 1.7908940315246582 2.1081066131591797 2.240480422973633 3.4888668060302734
16800.273908 0.3475651741027832 1.8196563720703125 2.14266300201416 2.277276039123535 3.5414743423461914
17100.007959 0.35048627853393555 1.8490161895751953 2.1780247688293457 2.315117835998535 3.6012659072875977
17400.003909 0.3544187545776367 1.8755216598510742 2.209298610687256 2.348299026489258 3.6619224548339844
17700.013451 0.3572711944580078 1.9047870635986328 2.245030403137207 2.3866171836853027 3.7199625968933105
18000.015385 0.36093711853027344 1.9362764358520508 2.282406806945801 2.426778793334961 3.7809524536132812
18300.005585 0.37127685546875 1.9745712280273438 2.3308348655700684 2.4789257049560547 3.8582448959350586
18600.012985999998 0.3745450973510742 2.0088396072387695 2.373312473297119 2.5254321098327637 3.9307360649108887
18900.008313 0.37827014923095703 2.0407209396362305 2.412281036376953 2.566740036010742 3.9946346282958984
19200.028597 0.38403844833374023 2.074462413787842 2.4531688690185547 2.6098990440368652 4.065423488616943
19500.004643 0.38692426681518555 2.105128765106201 2.4906835556030273 2.6496872901916504 4.120394229888916
19800.034988 0.389162540435791 2.128716468811035 2.5193123817443848 2.6796817779541016 4.164796829223633
20100.092346999998 0.39475059509277344 2.1619253158569336 2.5600743293762207 2.722512722015381 4.234729766845703
20400.020599 0.39859867095947266 2.193905830383301 2.5999436378479004 2.7648420333862305 4.2961554527282715
20700.001557 0.4012327194213867 2.219426155090332 2.6311774253845215 2.7977256774902344 4.349237442016602
21000.024531 0.40611839294433594 2.2497944831848145 2.667100429534912 2.8354501724243164 4.40693473815918
21300.017572999997 0.4086456298828125 2.2792716026306152 2.7024712562561035 2.872964859008789 4.46146297454834
21600.006412 0.4119224548339844 2.310370445251465 2.739607810974121 2.911998748779297 4.521672248840332
21900.034433999997 0.41498470306396484 2.337277412414551 2.771440029144287 2.94525146484375 4.569527626037598
22200.009366 0.4175987243652344 2.3598709106445312 2.798811435699463 2.973546028137207 4.618127822875977
22500.000217999997 0.4224681854248047 2.3937745094299316 2.838250160217285 3.0145535469055176 4.679244041442871
22800.009836999998 0.4307718276977539 2.4408674240112305 2.89601993560791 3.0773701667785645 4.765315055847168
23100.014380999997 0.43421030044555664 2.472654342651367 2.9341750144958496 3.1178836822509766 4.827493190765381
23400.004651999996 0.43840503692626953 2.499035358428955 2.965493679046631 3.1504344940185547 4.8711838722229
23700.013141999996 0.4430088996887207 2.5323119163513184 3.0049009323120117 3.191688060760498 4.926616668701172
24000.013410999996 0.4458160400390625 2.5626864433288574 3.0408239364624023 3.2295455932617188 4.974995136260986
24300.081329999997 0.44992542266845703 2.594295024871826 3.077385425567627 3.2676329612731934 5.022153854370117
24600.011667 0.4534420967102051 2.6245880126953125 3.1136059761047363 3.3056745529174805 5.0730881690979
24900.002503999996 0.45635366439819336 2.6545419692993164 3.1490235328674316 3.342782497406006 5.123017311096191
25200.031088999996 0.4605598449707031 2.6850500106811523 3.184384822845459 3.3797078132629395 5.174478530883789
25500.003423999995 0.4680466651916504 2.715090274810791 3.21986722946167 3.417851448059082 5.235121250152588
25800.001017999995 0.4780440330505371 2.7565078735351562 3.268571376800537 3.4702749252319336 5.3105998039245605
26100.037464999998 0.4840412139892578 2.7892403602600098 3.3077502250671387 3.5124521255493164 5.370568752288818
26400.015969999997 0.4926600456237793 2.825775146484375 3.3529109954833984 3.562896728515625 5.443237781524658
26700.000153999998 0.4999971389770508 2.8595762252807617 3.3925437927246094 3.605222702026367 5.502742767333984
27000.147101999995 0.5024771690368652 2.889310836791992 3.426791191101074 3.641507148742676 5.557147026062012
27300.038102999995 0.5051636695861816 2.9132986068725586 3.4551358222961426 3.6710920333862305 5.603650093078613
27600.003298999996 0.5108771324157715 2.977144241333008 3.526900291442871 3.7471914291381836 5.71137809753418
27900.006236999998 0.5141205787658691 3.008594036102295 3.56447696685791 3.786905288696289 5.773697853088379
28200.001791999995 0.5165882110595703 3.037609100341797 3.5981698036193848 3.822446823120117 5.833981513977051
28500.006185 0.5214328765869141 3.066479206085205 3.632152557373047 3.8581271171569824 5.886520862579346
28800.035178 0.5241351127624512 3.094789981842041 3.6652426719665527 3.8931703567504883 5.93726921081543
29100.007999999994 0.5282344818115234 3.1265130043029785 3.7025938034057617 3.932089328765869 5.994770050048828
29400.016073999996 0.5311541557312012 3.1552023887634277 3.7367544174194336 3.9678292274475098 6.050987243652344
29700.021805999993 0.5334787368774414 3.1843628883361816 3.7704219818115234 4.002938747406006 6.11331844329834
30000.008239999996 0.5389776229858398 3.2209248542785645 3.8130860328674316 4.047452926635742 6.175975799560547
30300.009351999994 0.5417985916137695 3.252094268798828 3.8497800827026367 4.085840702056885 6.230255603790283
30600.002893999994 0.5443582534790039 3.2757577896118164 3.8781585693359375 4.115814208984375 6.274919509887695
30900.038552999995 0.5495219230651855 3.308159351348877 3.916140079498291 4.155486583709717 6.335681438446045
31200.060709999994 0.5521049499511719 3.33804988861084 3.9511098861694336 4.1922454833984375 6.389881134033203
31500.018116999996 0.5548081398010254 3.3675808906555176 3.9859814643859863 4.228536128997803 6.445664882659912
31800.038430999994 0.5599308013916016 3.3986239433288574 4.022548675537109 4.267025947570801 6.502633571624756
32100.000342999996 0.5625920295715332 3.4273362159729004 4.0565290451049805 4.302616119384766 6.556698322296143
32400.024345999995 0.565155029296875 3.456266403198242 4.091297149658203 4.33907413482666 6.611032009124756
32700.016516999996 0.570253849029541 3.4845051765441895 4.125227451324463 4.374541759490967 6.6726837158203125
33000.01001799999 0.5750813484191895 3.518782615661621 4.166849613189697 4.41945219039917 6.741685390472412
33300.019820999994 0.5780587196350098 3.549806594848633 4.204179763793945 4.4583845138549805 6.797307014465332
33600.013124 0.5808157920837402 3.579331874847412 4.240014553070068 4.496058464050293 6.856003761291504
33900.02830299999 0.5870375633239746 3.6148681640625 4.282156944274902 4.540836811065674 6.926891803741455
34200.017937 0.5905303955078125 3.641724109649658 4.31512975692749 4.575408458709717 6.981349468231201
34500.002434999995 0.5931196212768555 3.6730027198791504 4.352427959442139 4.615041255950928 7.0458807945251465
34800.053267999996 0.5976805686950684 3.7080845832824707 4.394495487213135 4.659554481506348 7.119576930999756
35100.063125999994 0.6012821197509766 3.73936128616333 4.432289123535156 4.699868202209473 7.175159454345703
35400.003259 0.6067643165588379 3.7746644020080566 4.475657939910889 4.746639251708984 7.2468791007995605
35700.01158599999 0.6175751686096191 3.8165221214294434 4.525841236114502 4.801514625549316 7.333215713500977
36000.007387 0.6229825019836426 3.8521862030029297 4.570115089416504 4.8488287925720215 7.402529239654541
36300.001296999995 0.6263470649719238 3.8912949562072754 4.616909027099609 4.89915132522583 7.482045650482178
36600.02101199999 0.6304240226745605 3.9201321601867676 4.650885105133057 4.935072898864746 7.537383079528809
36900.00454599999 0.634249210357666 3.9590444564819336 4.697440147399902 4.983973026275635 7.609734535217285
37200.01763799999 0.6379680633544922 3.993680953979492 4.740355491638184 5.029516696929932 7.680489540100098
37500.01237299999 0.642301082611084 4.029874324798584 4.783462047576904 5.074760437011719 7.749166965484619
37800.00949899999 0.6456828117370605 4.061402320861816 4.821422100067139 5.114917755126953 7.811365604400635
38100.04194399999 0.6482653617858887 4.09530782699585 4.862035751342773 5.157881736755371 7.878617763519287
38400.00626599999 0.6531095504760742 4.126396179199219 4.899344444274902 5.197090148925781 7.939640522003174
38700.000369999994 0.6566605567932129 4.16468620300293 4.9450860023498535 5.24512243270874 8.01436996459961
39000.01068299999 0.659663200378418 4.200035572052002 4.987760066986084 5.289628028869629 8.088340282440186
39300.014404999994 0.6637864112854004 4.236569404602051 5.030815124511719 5.334743022918701 8.16333818435669
39600.09338699999 0.667386531829834 4.269101142883301 5.07025146484375 5.376418590545654 8.230449676513672
39900.00672399999 0.6702337265014648 4.30556058883667 5.113393306732178 5.421452522277832 8.303514003753662
40200.099768999986 0.673123836517334 4.340665340423584 5.154951095581055 5.464452266693115 8.380500793457031
40500.01140699999 0.6786274909973145 4.379694938659668 5.200697898864746 5.5120320320129395 8.456467151641846
40800.00304299999 0.6818718910217285 4.425307750701904 5.252588748931885 5.5657958984375 8.563873291015625
41100.02779599999 0.6843886375427246 4.453582763671875 5.285668849945068 5.6001081466674805 8.6221342086792
41400.00064299999 0.6899857521057129 4.486272811889648 5.323605537414551 5.64028787612915 8.69431734085083
41700.17418299999 0.6931858062744141 4.5122175216674805 5.354944229125977 5.672980785369873 8.748410701751709
42000.02235099999 0.6961898803710938 4.543221473693848 5.391917705535889 5.712643623352051 8.819560050964355
42300.01713599999 0.7016143798828125 4.570513725280762 5.424558162689209 5.746840476989746 8.877169132232666
42600.01406899999 0.7048635482788086 4.602843284606934 5.463609218597412 5.788882255554199 8.949099063873291
42900.00402699999 0.7076911926269531 4.627654552459717 5.493528366088867 5.819872856140137 9.002840518951416
43200.01765099999 0.7136740684509277 4.664234161376953 5.537136554718018 5.86654806137085 9.097446918487549
43500.00223999999 0.7173371315002441 4.692330360412598 5.5711846351623535 5.902284622192383 9.162232398986816
43800.029829999985 0.7202434539794922 4.722661018371582 5.6072306632995605 5.940077781677246 9.231721878051758
44100.01144199999 0.72528076171875 4.755244255065918 5.645559787750244 5.98026704788208 9.306392669677734
44400.01174999998 0.7295198440551758 4.789461612701416 5.686139106750488 6.022616386413574 9.374014377593994
44700.14632599999 0.7324810028076172 4.821739673614502 5.7247185707092285 6.0631794929504395 9.44186782836914
45000.00445699999 0.7374711036682129 4.852059841156006 5.760329246520996 6.09999942779541 9.501574993133545
45300.02450999999 0.7405509948730469 4.8828229904174805 5.797071933746338 6.1386494636535645 9.5620756149292
45600.033243999984 0.7433338165283203 4.912944316864014 5.83317756652832 6.176189422607422 9.623342990875244
45900.000255999985 0.7498068809509277 4.948538303375244 5.8747453689575195 6.2200541496276855 9.701177597045898
46200.009281999985 0.7533993721008301 4.980107307434082 5.91304349899292 6.259753227233887 9.77084493637085
46500.00195999999 0.7560038566589355 5.0063886642456055 5.944081783294678 6.292447566986084 9.830085754394531
46800.05490399999 0.7608776092529297 5.041263103485107 5.985170841217041 6.33499002456665 9.903965950012207
47100.15722399999 0.764556884765625 5.069753170013428 6.018951892852783 6.370121955871582 9.965075969696045
47400.01754899999 0.7673153877258301 5.101986408233643 6.056547164916992 6.409510135650635 10.027318000793457
47700.00117699999 0.7729458808898926 5.136768817901611 6.096722602844238 6.451245307922363 10.112635135650635
48000.05627599999 0.7759189605712891 5.168070316314697 6.133792400360107 6.489787578582764 10.174454689025879
48300.03384599999 0.7783751487731934 5.192648887634277 6.162712574005127 6.519409656524658 10.232145309448242
48600.01517899999 0.7842884063720703 5.22889518737793 6.2052130699157715 6.563165187835693 10.314115047454834
48900.01924299999 0.7886161804199219 5.2618184089660645 6.246640682220459 6.6063055992126465 10.381741523742676
49200.02451799999 0.7914443016052246 5.293140888214111 6.283318996429443 6.644589900970459 10.445600986480713
49500.008982999985 0.7967724800109863 5.325933456420898 6.321413993835449 6.683867454528809 10.518663883209229
49800.010597999986 0.7994232177734375 5.35692834854126 6.35768461227417 6.7217936515808105 10.580798149108887
50100.000446999984 0.8019847869873047 5.387546062469482 6.393505573272705 6.75870943069458 10.644668579101562
50400.003435999985 0.8077378273010254 5.422983169555664 6.434499740600586 6.801062107086182 10.723299026489258
50700.00589899999 0.8105826377868652 5.448287010192871 6.464485168457031 6.832046985626221 10.778984069824219
51000.01309599999 0.8152050971984863 5.4800639152526855 6.500507831573486 6.8693437576293945 10.844863891601562
51300.010747999986 0.8191394805908203 5.516141891479492 6.54270601272583 6.913065433502197 10.917809963226318
51600.00985799999 0.8227624893188477 5.54218864440918 6.573570728302002 6.945051670074463 10.980882167816162
51900.00888499999 0.8270449638366699 5.5748443603515625 6.61111307144165 6.984013080596924 11.04939603805542
52200.001592999986 0.8305010795593262 5.603906154632568 6.64481258392334 7.018963813781738 11.119261741638184
52500.084913999985 0.8330378532409668 5.63470983505249 6.680365085601807 7.056020259857178 11.179043769836426
52800.02790799999 0.8370656967163086 5.665141582489014 6.714844703674316 7.091271877288818 11.237233638763428
53100.00334799999 0.8420314788818359 5.69850492477417 6.755921363830566 7.134029388427734 11.309085845947266
53400.018889999985 0.8454556465148926 5.729918003082275 6.791958332061768 7.171588897705078 11.364936828613281
53700.00895199999 0.8500041961669922 5.756330966949463 6.822593688964844 7.203285217285156 11.41595458984375
54000.03168299999 0.853487491607666 5.788739204406738 6.859879016876221 7.242083549499512 11.479701042175293
54300.029140999985 0.857996940612793 5.815942764282227 6.891666889190674 7.275282859802246 11.530846118927002
54600.02116399998 0.8622770309448242 5.843707084655762 6.925964832305908 7.311287879943848 11.580163955688477
54900.037500999984 0.8649697303771973 5.8656535148620605 6.9520649909973145 7.338723659515381 11.629988193511963
55200.00365999999 0.8693137168884277 5.893260955810547 6.98519229888916 7.373537063598633 11.68177604675293
55500.031357999986 0.8727016448974609 5.923352241516113 7.020942687988281 7.411068916320801 11.733216285705566
55800.00404599999 0.874903678894043 5.945486545562744 7.047371864318848 7.439069747924805 11.779264450073242
56100.010805999984 0.8794074058532715 5.974592208862305 7.0816545486450195 7.475279808044434 11.83411455154419
56400.105741999985 0.8836245536804199 6.008875846862793 7.122714519500732 7.5182929039001465 11.888023853302002
56700.03078399999 0.8864154815673828 6.037216663360596 7.156960487365723 7.554616451263428 11.943891525268555
57000.000946999986 0.8906402587890625 6.062222957611084 7.186901569366455 7.586220741271973 11.989923000335693
57300.00789299999 0.8940353393554688 6.09332799911499 7.224213123321533 7.6258440017700195 12.041907787322998
57600.14221999999 0.8966269493103027 6.121096134185791 7.257634162902832 7.66137170791626 12.100979804992676
57900.022632999986 0.9003152847290039 6.1483635902404785 7.291091442108154 7.6966753005981445 12.151267528533936
58200.22332099999 0.9029264450073242 6.177467346191406 7.3261332511901855 7.733907222747803 12.202407836914062
58500.01026199999 0.9070291519165039 6.205663204193115 7.359949111938477 7.769931793212891 12.253101825714111
58800.039869999986 0.9110350608825684 6.2393903732299805 7.401393890380859 7.814813613891602 12.31895637512207
59100.05218699999 0.9167823791503906 6.276427268981934 7.445856094360352 7.863182544708252 12.393787860870361
59400.04991999999 0.9275741577148438 6.316989898681641 7.4945502281188965 7.915737152099609 12.468680381774902
59700.02130799999 0.9332752227783203 6.35179328918457 7.537216663360596 7.961744785308838 12.528806209564209
60000.02640999999 0.9429306983947754 6.387967586517334 7.582353115081787 8.011826038360596 12.593689441680908
60300.00203499999 0.9512524604797363 6.427149772644043 7.630200386047363 8.06360912322998 12.670353412628174
60600.00537699999 0.9564776420593262 6.498660564422607 7.71700382232666 8.156219005584717 12.776492595672607
60900.02128699999 0.958949089050293 6.528658866882324 7.7537760734558105 8.195035934448242 12.834225177764893
61200.01609299999 0.963951587677002 6.561996936798096 7.794241905212402 8.237630367279053 12.898691654205322
61261.28779599999 0.9648289680480957 6.567472457885742 7.800724506378174 8.24438762664795 12.9100923538208
