300.001452 0.003367900848388672 1.717297077178955 1.929783821105957 1.9608736038208008 2.0178380012512207
600.000054 0.006501674652099609 6.750730991363525 8.039253234863281 8.21291732788086 8.527714252471924
900.000002 0.010282516479492188 11.63086223602295 13.989343166351318 14.304294109344482 14.885936737060547
1200.000231 0.013837337493896484 16.19771432876587 19.530352115631104 19.99455213546753 20.766064643859863
1500.001884 0.017352581024169922 20.862388610839844 25.180613040924072 25.821143627166748 26.779329299926758
1800.000344 0.021142005920410156 26.483046531677246 31.896527767181396 32.69270706176758 33.91815662384033
2100.00031 0.024999618530273438 32.03774642944336 38.53825092315674 39.469884395599365 40.970595836639404
2400.000916 0.028927326202392578 37.62225151062012 45.2074990272522 46.268152713775635 48.053300857543945
2700.0013269999995 0.03266620635986328 43.36444568634033 52.04648208618164 53.259450912475586 55.31300449371338
3000.000497 0.036528587341308594 48.95818567276001 58.72481155395508 60.0768723487854 62.41513633728027
3300.0005279999996 0.0402073860168457 54.6830096244812 65.54336261749268 67.0468578338623 69.65450143814087
3600.000075 0.0439915657043457 60.429871559143066 72.37581300735474 74.02064514160156 76.88966512680054
3900.0322359999996 0.04984140396118164 65.73728370666504 78.7125473022461 80.4970850944519 83.61947870254517
4223.4477099999995 0.051024436950683594 74.26384401321411 88.65207242965698 91.22728824615479 95.5156397819519
4512.656110999999 0.051201820373535156 74.2640290260315 88.65226602554321 91.22748184204102 95.51583337783813
4536.287458999999 0.051229000091552734 74.26405620574951 88.65229320526123 91.22750902175903 95.51586055755615
