300.016068 0.1777796745300293 0.6468954086303711 0.7736015319824219 0.9516091346740723 1.3171758651733398
600.0004690000001 0.3460240364074707 1.1700377464294434 1.3976531028747559 1.7345399856567383 2.4724645614624023
900.010432 0.5114898681640625 1.7649216651916504 2.115764617919922 2.6239094734191895 3.758148193359375
1200.0001459999999 0.6710410118103027 2.3323545455932617 2.7937560081481934 3.4648780822753906 4.990134239196777
1500.013328 0.843958854675293 3.0042924880981445 3.592355728149414 4.436395168304443 6.381053447723389
1800.0008579999999 1.0134315490722656 3.698787212371826 4.422084331512451 5.4380645751953125 7.811851501464844
2100.018479 1.176649570465088 4.275139331817627 5.109464168548584 6.281450271606445 9.035480499267578
2400.0110839999998 1.340963363647461 4.815674304962158 5.7547831535339355 7.07482385635376 10.175714015960693
2700.0000919999998 1.5119824409484863 5.452268123626709 6.51017427444458 7.989405632019043 11.45814561843872
3000.0155639999994 1.6703705787658691 6.026057243347168 7.192627906799316 8.822400093078613 12.6480393409729
3300.122157 1.8428325653076172 6.63832426071167 7.9199113845825195 9.714147567749023 13.939222812652588
3600.0248919999995 1.9955554008483887 7.195649147033691 8.583013534545898 10.52382755279541 15.112689018249512
3900.0129919999995 2.1542530059814453 7.781118869781494 9.28588581085205 11.385758876800537 16.331970691680908
4200.001955 2.3176965713500977 8.318282127380371 9.92714548110962 12.179728031158447 17.502760410308838
4500.038447999999 2.477487087249756 8.862282276153564 10.576132774353027 12.98112678527832 18.66508913040161
4800.011741 2.644916534423828 9.447530746459961 11.27408504486084 13.838809490203857 19.890624523162842
5100.095099 2.813594341278076 10.017755031585693 11.958225727081299 14.680731773376465 21.092834949493408
5400.074495 2.968414783477783 10.509506702423096 12.544978141784668 15.402300834655762 22.13693380355835
5700.070413 3.1222686767578125 11.012239456176758 13.144720554351807 16.135658264160156 23.207011699676514
6000.0595840000005 3.2848873138427734 11.602702617645264 13.847230434417725 16.990840911865234 24.42327642440796
6300.045428 3.449892520904541 12.180462837219238 14.532252788543701 17.824060440063477 25.613065242767334
6600.134265 3.6171956062316895 12.79292106628418 15.259422302246094 18.70592975616455 26.865418434143066
6900.045606 3.769435405731201 13.297245979309082 15.86001205444336 19.442792892456055 27.94389057159424
7200.019233 3.9346632957458496 13.799538135528564 16.45471954345703 20.17395544052124 29.038788318634033
7500.026213 4.093611240386963 14.2970609664917 17.04377508163452 20.90108060836792 30.190610885620117
7800.000000999999 4.2436699867248535 14.781691074371338 17.6163330078125 21.594165325164795 31.223524570465088
8100.070737 4.3941755294799805 15.26844310760498 18.19837713241577 22.320449829101562 32.29380989074707
8400.041885999999 4.529965877532959 15.684899806976318 18.693248748779297 22.935655117034912 33.23266649246216
8700.000286 4.678608417510986 16.163376331329346 19.260300636291504 23.628536701202393 34.242998123168945
9000.020944 4.813577175140381 16.5809645652771 19.762595176696777 24.24552297592163 35.173011779785156
9300.010204 4.945497035980225 16.96734046936035 20.225138664245605 24.81923770904541 36.03431510925293
9600.025322 5.08691930770874 17.37773847579956 20.713036060333252 25.415889739990234 36.91383123397827
9900.010812 5.219884872436523 17.8213791847229 21.2402081489563 26.060413360595703 37.87834024429321
10200.065966999999 5.3511457443237305 18.234373569488525 21.73157835006714 26.65956687927246 38.77086400985718
10500.002374999998 5.481715679168701 18.632972717285156 22.20299196243286 27.234159469604492 39.632691383361816
10800.031463 5.614807605743408 19.045586109161377 22.69290018081665 27.835333347320557 40.52380132675171
11100.006065999998 5.729790687561035 19.392094135284424 23.107183933258057 28.34015655517578 41.2787766456604
11400.157543999998 5.867242813110352 19.749210357666016 23.529232501983643 28.86745023727417 42.09963798522949
11700.107070999999 5.990881443023682 20.12708330154419 23.978224754333496 29.414066314697266 42.90519332885742
12000.037546999998 6.10860538482666 20.455347061157227 24.36941623687744 29.895378589630127 43.642491817474365
12300.018316999998 6.22748327255249 20.80295181274414 24.784363269805908 30.402742385864258 44.42095136642456
12600.017947999999 6.335047721862793 21.107155323028564 25.149853706359863 30.861948490142822 45.13653326034546
12900.044566999999 6.456170558929443 21.42198657989502 25.524632453918457 31.330889225006104 45.87926959991455
13200.010709999999 6.5701165199279785 21.76197862625122 25.930723667144775 31.819211959838867 46.593984603881836
13500.015918 6.682764053344727 22.084893703460693 26.315815448760986 32.285086154937744 47.2796630859375
13800.027863 6.7909159660339355 22.378711223602295 26.666585445404053 32.70993757247925 47.89495611190796
14100.061323999998 6.905950546264648 22.664097785949707 27.006677627563477 33.12908411026001 48.54473304748535
14400.226411 7.0064778327941895 22.928964138031006 27.323587894439697 33.52053356170654 49.15683555603027
14700.262257999999 7.119266033172607 23.22373056411743 27.676119804382324 33.95089054107666 49.81297445297241
15000.085025999999 7.221770763397217 23.496856689453125 28.003231525421143 34.34515571594238 50.400497913360596
15300.226881 7.320148468017578 23.777150630950928 28.339203357696533 34.74562740325928 50.99343252182007
15600.026071999999 7.42930269241333 24.03473424911499 28.649120330810547 35.129456520080566 51.586387634277344
15900.074100999998 7.536865711212158 24.29919672012329 28.963223934173584 35.516369342803955 52.17364740371704
16200.049538 7.636821269989014 24.56165075302124 29.27462100982666 35.893226146698 52.74116516113281
16500.053462 7.732700347900391 24.8171329498291 29.58353090286255 36.26871156692505 53.29339122772217
16800.02814 7.835408687591553 25.11544704437256 29.942002296447754 36.698925495147705 53.91593933105469
17100.008407999998 7.936956882476807 25.395834922790527 30.278746128082275 37.10144233703613 54.50722074508667
17400.007465 8.041980266571045 25.64454221725464 30.579800605773926 37.46383190155029 55.03699207305908
17700.44746 8.134417057037354 25.883973598480225 30.869603157043457 37.808374881744385 55.52907991409302
18000.034390999997 8.216792106628418 26.08108615875244 31.108087062835693 38.09651184082031 55.962289333343506
18300.044740999998 8.313720703125 26.321842193603516 31.394039630889893 38.44270181655884 56.48335123062134
18600.036728 8.397397518157959 26.526468753814697 31.640440464019775 38.73734760284424 56.92820739746094
18900.146185999998 8.486709117889404 26.74211549758911 31.900324821472168 39.05219841003418 57.39560604095459
19200.078974999997 8.583698272705078 26.974360942840576 32.1762638092041 39.38550043106079 57.90810585021973
19500.074966999997 8.68455696105957 27.210046768188477 32.45600414276123 39.72801685333252 58.433061599731445
19800.135491999998 8.778964042663574 27.466580867767334 32.76418113708496 40.10632610321045 59.045257568359375
20100.168333999995 8.867015361785889 27.68019437789917 33.01954126358032 40.417068004608154 59.53405427932739
20400.066476999997 8.95241928100586 27.941426277160645 33.33298683166504 40.78649377822876 60.0776424407959
20700.082541999996 9.039151668548584 28.157022953033447 33.590274810791016 41.09728717803955 60.55281209945679
21000.062655999995 9.141918659210205 28.425537109375 33.9104642868042 41.47981834411621 61.107526779174805
21300.043724999996 9.227696895599365 28.625778675079346 34.15087842941284 41.76666498184204 61.554877281188965
21600.017570999997 9.311481952667236 28.839041233062744 34.40994453430176 42.0759916305542 62.00790452957153
21900.032665999996 9.40459156036377 29.08153200149536 34.70031404495239 42.42245006561279 62.511910915374756
22200.085814 9.491375923156738 29.295032501220703 34.956793785095215 42.728954792022705 62.959999561309814
22500.044695999997 9.577780723571777 29.506382942199707 35.212321281433105 43.03787803649902 63.422120094299316
22800.007143999996 9.674564838409424 29.731897830963135 35.48292827606201 43.37454795837402 63.95095109939575
23100.039982999995 9.767043590545654 29.95682191848755 35.75418138504028 43.70551300048828 64.46280193328857
23400.013104999995 9.851432800292969 30.155126094818115 35.99435997009277 44.00417757034302 64.94359159469604
23700.235752999997 9.942083358764648 30.377321243286133 36.261820793151855 44.325796127319336 65.41796779632568
24000.008667999995 10.027029991149902 30.612783432006836 36.54476022720337 44.660627365112305 65.90198040008545
24300.003608999996 10.118867874145508 30.850887775421143 36.829081535339355 45.002127170562744 66.4092288017273
24600.001629999995 10.210675239562988 31.06520414352417 37.083556175231934 45.309393882751465 66.88242816925049
24900.051072999995 10.300701141357422 31.276554107666016 37.33649015426636 45.61576318740845 67.34280920028687
25200.138235999995 10.384474277496338 31.492865562438965 37.59573411941528 45.9263072013855 67.82637786865234
25500.252598999996 10.480384826660156 31.741721630096436 37.89286756515503 46.285637855529785 68.37657308578491
25800.163721999994 10.575098514556885 31.954126834869385 38.148465633392334 46.59707593917847 68.85353326797485
26100.071512999995 10.667224407196045 32.16975784301758 38.4074592590332 46.91206407546997 69.32547521591187
26400.047090999997 10.7627592086792 32.38943815231323 38.669776916503906 47.22732973098755 69.8084306716919
26700.245500999998 10.854602813720703 32.61034393310547 38.93495416641235 47.55204772949219 70.31676149368286
27000.063461999995 10.940845012664795 32.815234661102295 39.181665897369385 47.859572887420654 70.82211637496948
27300.007298999994 11.039459705352783 33.03948211669922 39.44862651824951 48.186476707458496 71.32822704315186
27600.041315999995 11.12742567062378 33.254948139190674 39.71016502380371 48.4983868598938 71.79353094100952
27900.000050999995 11.216835498809814 33.47088050842285 39.968685150146484 48.81282329559326 72.26238965988159
28200.004349999996 11.30766248703003 33.69267272949219 40.23164224624634 49.128732204437256 72.74282121658325
28500.075073999997 11.402895450592041 34.63337469100952 41.32921648025513 50.36887073516846 74.20764064788818
28800.176031999996 11.501355171203613 35.408498764038086 42.28168487548828 51.52402925491333 75.59956169128418
29100.405233999994 11.588582992553711 35.66112279891968 42.586406230926514 51.899559020996094 76.14129304885864
29400.030109999996 11.671157836914062 35.89088535308838 42.86683130264282 52.248538970947266 76.64906454086304
29700.005731999994 11.754833221435547 36.108492374420166 43.12865924835205 52.57384252548218 77.14268684387207
30000.101502999994 11.852739334106445 36.33893966674805 43.404964447021484 52.90684461593628 77.64640760421753
30300.22978299999 11.942090511322021 36.55516004562378 43.66280746459961 53.22027778625488 78.12203598022461
30600.025168999993 12.034507274627686 36.77379560470581 43.92567777633667 53.53806686401367 78.5989260673523
30900.174867999995 12.122128963470459 36.98269748687744 44.17458248138428 53.835124015808105 79.04646253585815
31200.046432999992 12.209202289581299 37.19356060028076 44.42745542526245 54.14122772216797 79.50604772567749
31500.057136999993 12.29746389389038 37.40085220336914 44.675490856170654 54.445785999298096 79.96334791183472
31800.27242999999 12.387706756591797 37.617661476135254 44.93493318557739 54.75902843475342 80.44140148162842
32100.06917599999 12.47572660446167 37.821715354919434 45.17722797393799 55.05144262313843 80.88019132614136
32400.032000999992 12.558402061462402 38.02258348464966 45.41856336593628 55.34032583236694 81.31962013244629
32700.00248299999 12.64505910873413 38.21491575241089 45.64753723144531 55.613635540008545 81.73297595977783
33000.04460499999 12.72298002243042 38.40127897262573 45.87284708023071 55.88062000274658 82.11993312835693
33300.204309999994 12.802665710449219 38.58517646789551 46.093820095062256 56.144546031951904 82.52394533157349
33600.05443899999 12.905886173248291 38.796534061431885 46.348641872406006 56.46098613739014 83.02171230316162
33900.090744999994 13.019741535186768 39.267892837524414 46.91657257080078 57.137635707855225 83.93504285812378
34200.10967799999 13.10344123840332 39.53418302536011 47.24522018432617 57.55363655090332 84.53612613677979
34500.07672299999 13.18803596496582 39.763792991638184 47.521090030670166 57.88097333908081 85.02975654602051
34800.11273799999 13.264305591583252 40.02110528945923 47.82977914810181 58.238285064697266 85.52176523208618
35100.67318199999 13.339850425720215 40.245378494262695 48.09814214706421 58.55165386199951 85.97164154052734
35400.07300699999 13.427741050720215 40.44023370742798 48.33127164840698 58.82749700546265 86.39247941970825
35700.034564999994 13.512528896331787 40.6399302482605 48.57088661193848 59.11383008956909 86.8169355392456
36000.02277999999 13.593811988830566 40.8256573677063 48.793646812438965 59.38539409637451 87.23399925231934
36300.13580499999 13.669726371765137 41.00169086456299 49.00500822067261 59.63670015335083 87.6056022644043
36600.04669599999 13.742846488952637 41.18216800689697 49.22433280944824 59.89575910568237 87.98613119125366
36900.37712499999 13.823575496673584 41.350914001464844 49.42766714096069 60.14249229431152 88.36540746688843
37200.058876999996 13.90215015411377 41.51760196685791 49.62888240814209 60.381680488586426 88.74420642852783
37500.106895 13.989109516143799 41.68849420547485 49.83381271362305 60.63383960723877 89.14514780044556
37800.02499099999 14.072774410247803 41.86934995651245 50.05046367645264 60.89804410934448 89.55463600158691
38100.122243 14.14069652557373 42.019558906555176 50.233999729156494 61.11709642410278 89.88516664505005
38400.009915999995 14.215331554412842 42.19692802429199 50.448617458343506 61.37134313583374 90.26373815536499
38700.092597999996 14.287567615509033 42.37489414215088 50.6653733253479 61.62451982498169 90.63853216171265
39000.03066999999 14.369709014892578 42.5497145652771 50.87481164932251 61.875123500823975 91.02505683898926
39300.074346999994 14.44334888458252 42.72608757019043 51.08668279647827 62.12655687332153 91.40071105957031
39600.00264599999 14.53230333328247 42.905667781829834 51.30205774307251 62.39143514633179 91.82574939727783
39900.203063 14.608760833740234 43.07086706161499 51.500818729400635 62.627281188964844 92.18248081207275
40200.627425 14.684679985046387 43.231364250183105 51.6950421333313 62.860124588012695 92.53368520736694
40500.002084 14.761970043182373 43.404510498046875 51.90317106246948 63.10803270339966 92.90499019622803
40800.325393 14.844813823699951 43.58511018753052 52.11910915374756 63.366740703582764 93.30852222442627
41100.102015 14.920802116394043 43.7473258972168 52.317434787750244 63.610836029052734 93.6949691772461
41400.269729 15.001689910888672 43.913936614990234 52.51710653305054 63.85313320159912 94.08111095428467
41700.13897199999 15.07861852645874 44.09116554260254 52.73003530502319 64.1053237915039 94.45557260513306
42000.581897 15.15554428100586 44.26127338409424 52.93449687957764 64.35105562210083 94.82444095611572
42300.10110299999 15.231201171875 44.432170391082764 53.14166021347046 64.5989785194397 95.19247007369995
42600.10167 15.3047456741333 44.59595060348511 53.33866739273071 64.8311276435852 95.54307556152344
42900.104797 15.376316547393799 44.74973917007446 53.52620267868042 65.05575513839722 95.88637208938599
43200.403999999995 15.446298599243164 44.920435428619385 53.73472261428833 65.30331659317017 96.24480772018433
43500.101782 15.530280113220215 45.09261989593506 53.94140863418579 65.55398511886597 96.62409114837646
43800.307681 15.599896430969238 45.23820447921753 54.117947578430176 65.76487112045288 96.94714546203613
44100.240135 15.67499303817749 45.394572734832764 54.30622434616089 65.9912896156311 97.29489278793335
44400.105684 15.761050701141357 45.570992946624756 54.519286155700684 66.24956464767456 97.7010178565979
44700.315411 15.83670949935913 45.73245716094971 54.71463203430176 66.48381853103638 98.05875825881958
45000.163624 15.902359008789062 45.87853288650513 54.89213705062866 66.69263029098511 98.37296390533447
45300.162845 15.96747875213623 46.026183128356934 55.071860790252686 66.90370988845825 98.67084741592407
45600.305056 16.0401029586792 46.21073532104492 55.2970232963562 67.16930103302002 99.05545616149902
45900.209369 16.112863063812256 46.362727642059326 55.482295513153076 67.3915753364563 99.39559030532837
46200.013566999995 16.285130977630615 46.76779222488403 55.96486520767212 67.94572830200195 100.11042928695679
46500.001996 16.438347816467285 48.84109020233154 58.33320999145508 70.56384515762329 103.06747341156006
46800.000303 16.52613639831543 49.44582414627075 59.041754722595215 71.4303765296936 104.2223072052002
47100.003969 16.605783462524414 49.80441427230835 59.47517728805542 71.98635196685791 105.02572250366211
47400.149167999996 16.68393898010254 50.52638483047485 60.34834909439087 73.01662588119507 106.30102014541626
47700.004236999994 16.755377292633057 51.286086559295654 61.272216796875 74.12506055831909 107.6259913444519
48000.036090999994 16.835319995880127 51.8723931312561 61.98809051513672 75.00381898880005 108.7256531715393
48300.01646399999 16.91646432876587 52.54670429229736 62.830585956573486 76.06271171569824 110.06912612915039
48600.059434999996 16.990292072296143 53.25703716278076 63.71272277832031 77.18545770645142 111.46652555465698
48900.00639599999 17.0673246383667 54.00672006607056 64.6484727859497 78.395667552948 112.97497367858887
49200.604348999994 17.13587188720703 54.81397199630737 65.65523147583008 79.70406532287598 114.57797956466675
49500.078000999994 17.20740270614624 55.65820026397705 66.71244239807129 81.07728624343872 116.26572895050049
49800.02081399999 17.281529903411865 56.59740400314331 67.88095903396606 82.58727693557739 118.09064197540283
50100.00501899999 17.35892677307129 57.51931715011597 69.00159692764282 83.94781589508057 119.69935989379883
50400.00005199999 17.42334222793579 58.398430824279785 70.09275484085083 85.27383470535278 121.27108812332153
50700.03290299999 17.502047538757324 59.13485145568848 71.0066270828247 86.42441987991333 122.69591951370239
51000.03469299999 17.581265449523926 60.11377477645874 72.21239137649536 87.92084121704102 124.493812084198
51300.24208499999 17.653618812561035 60.94562244415283 73.24189901351929 89.17069005966187 125.9898591041565
51600.03689899999 17.737088203430176 61.83359909057617 74.34855937957764 90.50999212265015 127.59651565551758
51900.031446999994 17.821007251739502 62.27713203430176 74.89448690414429 91.17399978637695 128.45326232910156
52200.191459999995 17.903642177581787 62.54952001571655 75.22582197189331 91.57666015625 129.00828313827515
52500.05839099999 17.986397743225098 62.78056526184082 75.5139422416687 91.92709589004517 129.49752759933472
52800.022652999985 18.063508987426758 62.98818016052246 75.76906967163086 92.23379135131836 129.93034601211548
53100.087645999985 18.155120849609375 63.19826364517212 76.0212230682373 92.54187154769897 130.39278554916382
53400.39708899999 18.248414039611816 63.41767072677612 76.28482103347778 92.85614204406738 130.86165714263916
53700.218601999986 18.329286098480225 63.60961866378784 76.51525211334229 93.13469934463501 131.3110475540161
54000.01593199999 18.42102336883545 63.81008577346802 76.75708389282227 93.4314956665039 131.77019453048706
54300.03474099999 18.52190113067627 64.0257363319397 77.01540422439575 93.75232744216919 132.27884483337402
54600.08184499999 18.611069679260254 64.23514699935913 77.26738357543945 94.06548023223877 132.76153659820557
54900.07945599999 18.70259380340576 64.45151853561401 77.52683591842651 94.38322114944458 133.23623895645142
55200.08334399999 18.800604343414307 64.71171283721924 77.83878898620605 94.76407432556152 133.81364250183105
55500.04037499999 18.898276805877686 64.96191787719727 78.13822221755981 95.13092088699341 134.37869024276733
55800.11358699999 18.998587131500244 65.20401573181152 78.42958354949951 95.49244213104248 134.93136024475098
56100.01348999999 19.104167938232422 65.49557828903198 78.78230094909668 95.93292951583862 135.60823774337769
56400.00566699999 19.21055841445923 65.78565645217896 79.13375616073608 96.36996793746948 136.2386703491211
56700.21360399999 19.312846660614014 66.07531785964966 79.48357439041138 96.79797267913818 136.8566551208496
57000.190345999996 19.42192792892456 66.32587909698486 79.78311538696289 97.16977500915527 137.41884660720825
57300.25203799999 19.5348858833313 66.61920547485352 80.13941812515259 97.60621643066406 138.06759214401245
57600.07553999999 19.647197723388672 66.93040084838867 80.5121488571167 98.06221771240234 138.73339223861694
57900.01066599999 19.758376121520996 67.21821594238281 80.85548257827759 98.47850179672241 139.34435176849365
58200.06567899999 19.8665452003479 67.49860668182373 81.19031143188477 98.88928699493408 139.946692943573
58500.20747999999 19.988426685333252 67.80484867095947 81.55786848068237 99.34542226791382 140.61698865890503
58800.00870099999 20.1112322807312 68.16141605377197 81.98319101333618 99.86177444458008 141.36950159072876
59100.00161699999 20.227457523345947 68.48603057861328 82.37020492553711 100.33021879196167 142.0550799369812
59400.00001399999 20.34790277481079 68.79235744476318 82.73725366592407 100.78408622741699 142.7402205467224
59700.07441499999 20.469948768615723 69.14341020584106 83.1566390991211 101.30276727676392 143.49976634979248
60000.01444799999 20.595577716827393 69.5352087020874 83.63081216812134 101.88284254074097 144.34131860733032
60300.000666999986 20.720839500427246 69.8999285697937 84.0698504447937 102.41554737091064 145.11375093460083
60600.00327399999 20.866214752197266 70.35215854644775 84.61474561691284 103.0785059928894 146.0646529197693
60900.02634599999 21.008824825286865 70.78972864151001 85.1379246711731 103.71490669250488 146.97913312911987
61200.237598999985 21.13927173614502 71.2220516204834 85.6606240272522 104.34850740432739 147.8954734802246
61500.058162999994 21.27103853225708 71.6550760269165 86.17906618118286 104.98077249526978 148.78395795822144
61800.00198999999 21.39984703063965 72.07854175567627 86.68929958343506 105.61042976379395 149.7030897140503
62100.036088999994 21.531890869140625 72.51671028137207 87.21586656570435 106.25547552108765 150.63397789001465
62400.003948 21.68635129928589 73.00369024276733 87.79919958114624 106.96737384796143 151.66575860977173
62700.000004999994 21.829190731048584 73.50875949859619 88.40331649780273 107.70330762863159 152.7235927581787
63000.003339999996 21.977301597595215 73.99911165237427 88.99502849578857 108.43243598937988 153.75563526153564
63300.374882 22.129589080810547 74.46876955032349 89.55542087554932 109.12375211715698 154.74811506271362
63600.00005799999 22.2804856300354 74.9829249382019 90.17694187164307 109.88281393051147 155.8085117340088
63900.000030999996 22.441428184509277 75.54758644104004 90.85357904434204 110.71129417419434 156.95329761505127
64200.201569 22.600093841552734 76.0664529800415 91.47310066223145 111.46335983276367 158.0248680114746
64500.035929 22.759745121002197 76.68095302581787 92.21374177932739 112.35957670211792 159.25218868255615
64800.13993899999 22.916006088256836 77.19064426422119 92.82214212417603 113.104501247406 160.33026552200317
65100.067476 23.08510971069336 77.7543272972107 93.49596738815308 113.9234209060669 161.47969150543213
65400.00173699999 23.254456520080566 78.36783027648926 94.23391675949097 114.8163275718689 162.70903253555298
65700.015649 23.41903305053711 78.94248628616333 94.92246150970459 115.64428377151489 163.86577320098877
66000.02330599999 23.599007606506348 79.61950588226318 95.73485851287842 116.62851333618164 165.2306146621704
66300.03303999998 23.76634931564331 80.2488169670105 96.49051761627197 117.54247379302979 166.4916648864746
66600.08959199999 23.936288833618164 80.84889650344849 97.21093654632568 118.42677736282349 167.72683095932007
66900.01646699998 24.11171007156372 81.54544973373413 98.04287099838257 119.42155027389526 169.08859062194824
67200.14429399998 24.28213357925415 82.26878452301025 98.9179425239563 120.46750020980835 170.49354934692383
67500.00695299997 24.455552577972412 82.93117189407349 99.71006441116333 121.42658424377441 171.7941665649414
67800.07125599998 24.63421106338501 83.55120086669922 100.45073318481445 122.32532739639282 173.04969596862793
68100.02131399997 24.817716121673584 84.33153009414673 101.38255405426025 123.43372344970703 174.54033517837524
68400.07371999997 24.997031211853027 84.99944591522217 102.1815414428711 124.39933586120605 175.87244129180908
68700.00057499997 25.188536643981934 85.69880771636963 103.01282596588135 125.40494918823242 177.24553632736206
69000.00063999998 25.36030387878418 86.38955307006836 103.84028720855713 126.41111660003662 178.66194534301758
69300.02013799998 25.54905414581299 87.13288927078247 104.72570037841797 127.47073984146118 180.11648225784302
69600.01120999998 25.762210369110107 87.98540687561035 105.76164817810059 128.69965887069702 181.75330448150635
69900.01836699998 25.988210678100586 88.8537106513977 106.82257032394409 129.98143434524536 183.49325323104858
70200.13403499998 26.174265384674072 89.57449245452881 107.68536138534546 131.0246353149414 184.92886447906494
70500.01328599999 26.35496234893799 90.35940647125244 108.64965915679932 132.19203281402588 186.5027937889099
70800.03359799998 26.537614345550537 91.0440583229065 109.46373748779297 133.18897247314453 187.90233182907104
71100.08917999998 26.71739673614502 91.8379693031311 110.41265821456909 134.33669567108154 189.481614112854
71400.10273399999 26.896620750427246 92.52320766448975 111.23577690124512 135.35201978683472 190.95482540130615
71700.00224299998 27.06931495666504 93.2124752998352 112.05975723266602 136.36209726333618 192.36169862747192
72000.00618899998 27.246487140655518 93.96440315246582 112.96145153045654 137.4547085762024 193.9105930328369
72300.02686499998 27.428789615631104 94.61076021194458 113.72873020172119 138.4008345603943 195.26029586791992
72600.01473799998 27.60515785217285 95.30794715881348 114.56111717224121 139.41128969192505 196.65186023712158
72900.05419299997 27.79533338546753 96.11287879943848 115.52116537094116 140.5632848739624 198.2062282562256
73200.04462299998 27.987672328948975 96.85086584091187 116.39791870117188 141.62905406951904 199.66632270812988
73500.00881999997 28.167200565338135 97.59495306015015 117.28725862503052 142.70372772216797 201.12125778198242
73800.15672899998 28.33785057067871 98.14572620391846 117.94235801696777 143.5078353881836 202.2799687385559
74100.00494499998 28.519267082214355 98.77583885192871 118.69238662719727 144.4161901473999 203.55085468292236
74400.06205399998 28.700459480285645 99.49881601333618 119.55532264709473 145.45128965377808 204.97244262695312
74700.00002199998 28.874797821044922 100.17627143859863 120.3611855506897 146.41811609268188 206.32749128341675
75000.00606399999 29.05817222595215 100.81590461730957 121.12254190444946 147.34314012527466 207.63258981704712
75300.00322899998 29.239600658416748 101.49352598190308 121.93099975585938 148.3248414993286 209.00315809249878
75600.03040299998 29.41750478744507 102.10468196868896 122.65495491027832 149.21013164520264 210.29275226593018
75900.00011399998 29.593669891357422 102.72775745391846 123.39547777175903 150.10698461532593 211.57438611984253
76200.07048299999 29.76677179336548 103.33755397796631 124.12013483047485 150.9871621131897 212.82844305038452
76500.00158399998 29.94379186630249 103.93486976623535 124.83130979537964 151.8575954437256 214.05700063705444
76800.00853699999 30.121363639831543 104.63250064849854 125.66703653335571 152.87334060668945 215.498517036438
77100.00710299998 30.295270442962646 105.19500589370728 126.33321619033813 153.6953263282776 216.6864881515503
77400.26433299998 30.47465991973877 105.76910591125488 127.01151609420776 154.52514743804932 217.87983512878418
77700.00704299999 30.639814376831055 106.37673139572144 127.7317385673523 155.39235734939575 219.09210300445557
78000.08347099999 30.809123992919922 106.98429155349731 128.45217084884644 156.26632118225098 220.30278968811035
78300.04379599998 30.982524394989014 107.5504937171936 129.12456369400024 157.08722829818726 221.48586511611938
78600.03676799999 31.153945446014404 108.15368938446045 129.84173107147217 157.95735597610474 222.71567487716675
78900.01201999998 31.330896377563477 108.80605840682983 130.62435340881348 158.91206741333008 224.03440189361572
79200.00772199998 31.504379272460938 109.4915657043457 131.44066190719604 159.8924593925476 225.37739181518555
79500.10872799998 31.6736478805542 110.05617761611938 132.1139907836914 160.7195143699646 226.5585913658142
79800.00129499998 31.856497287750244 110.71060180664062 132.89567136764526 161.66778802871704 227.88127374649048
80100.02704899998 32.038724422454834 111.37163782119751 133.67981815338135 162.6138563156128 229.2088589668274
80400.03604699999 32.22405767440796 112.05947971343994 134.49697589874268 163.6085410118103 230.59651374816895
80700.00227999999 32.40644836425781 112.75019025802612 135.3216004371643 164.61264085769653 231.9795708656311
81000.02910499998 32.58257436752319 113.35075283050537 136.0334072113037 165.47806119918823 233.1845703125
81300.01463299998 32.771448612213135 114.03329133987427 136.8426218032837 166.4526891708374 234.5241665840149
81600.039763 32.9430775642395 114.59976482391357 137.5155725479126 167.2782130241394 235.69508457183838
81900.00001399999 33.1198525428772 115.23841047286987 138.27323007583618 168.19574880599976 236.9703278541565
82200.002841 33.291197776794434 115.81627750396729 138.9639744758606 169.04852151870728 238.1834273338318
82500.013807 33.47513389587402 116.4918646812439 139.7693419456482 170.03452110290527 239.5563349723816
82800.000605 33.65097713470459 117.07881832122803 140.46426916122437 170.8786745071411 240.75125932693481
83100.01646299999 33.83433485031128 117.74691343307495 141.2576446533203 171.83816862106323 242.0753903388977
83400.02124599999 34.01110887527466 118.34424495697021 141.964919090271 172.70704746246338 243.3070945739746
83700.01037899998 34.19735622406006 118.99481964111328 142.7432632446289 173.65693473815918 244.63668870925903
84000.03141499999 34.372920513153076 119.6764965057373 143.55930995941162 174.6435284614563 246.00718069076538
84300.07440799999 34.55220079421997 120.35197877883911 144.36761856079102 175.63178253173828 247.39883756637573
84600.02705099998 34.73119068145752 120.90218353271484 145.01850605010986 176.4427752494812 248.58283948898315
84900.00451199998 34.91010522842407 121.53867387771606 145.78086280822754 177.36821269989014 249.88080406188965
85200.01400599998 35.08568525314331 122.16677665710449 146.53874731063843 178.3074336051941 251.16931343078613
85500.01360199998 35.2685170173645 122.78550624847412 147.27402257919312 179.19696140289307 252.41067361831665
85800.03012899998 35.45878267288208 123.54377222061157 148.18243074417114 180.3039984703064 253.91320753097534
86100.00700999999 35.62601280212402 124.16315603256226 148.92331790924072 181.20518684387207 255.16046524047852
86400.00005099998 35.801273822784424 124.7466983795166 149.61521100997925 182.05160808563232 256.3625650405884
86700.08475499999 35.9764518737793 125.34675884246826 150.33026266098022 182.92115116119385 257.5905923843384
86815.28245899998 36.04440498352051 125.58703756332397 150.61664628982544 183.27285242080688 258.0830078125
