300.55109000000004 0.05161857604980469 0.05392599105834961 0.06226778030395508 0.06813430786132812 0.10468101501464844
600.540072 0.1071324348449707 0.11195182800292969 0.12852811813354492 0.14118623733520508 0.2134251594543457
900.498572 0.15999984741210938 0.1673874855041504 0.1921405792236328 0.2106165885925293 0.3221712112426758
1200.231915 0.21164321899414062 0.2213606834411621 0.25418519973754883 0.2788963317871094 0.4272737503051758
1500.3021979999999 0.26476621627807617 0.276857852935791 0.31725406646728516 0.34856367111206055 0.533689022064209
1800.4336279999998 0.31441545486450195 0.32895708084106445 0.37730836868286133 0.41425228118896484 0.6434783935546875
2100.586297 0.36925840377807617 0.38622522354125977 0.44315576553344727 0.48645448684692383 0.75946044921875
2400.0288419999997 0.4219503402709961 0.44142580032348633 0.5063529014587402 0.555877685546875 0.8674163818359375
2700.5489509999998 0.47003793716430664 0.49185848236083984 0.565030574798584 0.6196370124816895 0.9686446189880371
3000.038197 0.5227241516113281 0.5469584465026855 0.6282820701599121 0.6890335083007812 1.0770492553710938
3300.2410569999997 0.5717439651489258 0.5984711647033691 0.6876950263977051 0.7542462348937988 1.178783893585205
3600.2305669999996 0.6243195533752441 0.6535768508911133 0.7507419586181641 0.8228507041931152 1.286783218383789
3900.2126959999996 0.6759424209594727 0.7076802253723145 0.8129386901855469 0.8913640975952148 1.3938889503479004
4200.201865999999 0.7243332862854004 0.7581906318664551 0.8707752227783203 0.9554901123046875 1.4946718215942383
4500.000161999999 0.772984504699707 0.809074878692627 0.9295954704284668 1.0206146240234375 1.5958967208862305
4800.000620999999 0.8223285675048828 0.8605852127075195 0.9887356758117676 1.085151195526123 1.7003774642944336
5100.177722999999 0.8723659515380859 0.9130387306213379 1.0493354797363281 1.151747226715088 1.8015398979187012
5400.166794999999 0.9206027984619141 0.9637374877929688 1.1077766418457031 1.2154755592346191 1.9012446403503418
5700.0782389999995 0.9695706367492676 1.0152249336242676 1.1669096946716309 1.280400276184082 1.9989142417907715
6000.152988999999 1.0178093910217285 1.0656771659851074 1.2245211601257324 1.3432068824768066 2.1012625694274902
6300.007896999999 1.0656228065490723 1.115708827972412 1.2819833755493164 1.4063501358032227 2.1963090896606445
6600.245184999999 1.112351894378662 1.1644930839538574 1.3376975059509277 1.4668116569519043 2.2885074615478516
6900.281585999999 1.1563644409179688 1.2105727195739746 1.3911027908325195 1.5246505737304688 2.3807616233825684
7200.275818999999 1.2043542861938477 1.2609496116638184 1.4487566947937012 1.5872650146484375 2.4775314331054688
7500.000769999999 1.2475671768188477 1.3063898086547852 1.501368522644043 1.644263744354248 2.5682969093322754
7800.713622999999 1.293473243713379 1.3543949127197266 1.5563549995422363 1.7040438652038574 2.6611971855163574
8100.026480999998 1.3378791809082031 1.4007840156555176 1.6100153923034668 1.763071060180664 2.75146484375
8400.015492999999 1.3828339576721191 1.447667121887207 1.6640844345092773 1.822524070739746 2.8429312705993652
8700.710465999999 1.427659034729004 1.494685173034668 1.718094825744629 1.8817963600158691 2.9358835220336914
9000.796228 1.4729676246643066 1.5420050621032715 1.7722268104553223 1.9408025741577148 3.0245156288146973
9300.666661 1.519909381866455 1.5910954475402832 1.828392505645752 2.0020203590393066 3.1189346313476562
9600.655857 1.5659217834472656 1.6393370628356934 1.883406639099121 2.0614376068115234 3.2085647583007812
9900.419380000001 1.6111502647399902 1.6865425109863281 1.9378013610839844 2.120304584503174 3.2976598739624023
10200.408543000001 1.654386043548584 1.7316570281982422 1.9894208908081055 2.1757702827453613 3.383017063140869
10500.155201000001 1.6997880935668945 1.7791552543640137 2.0432043075561523 2.2344322204589844 3.471085548400879
10800.113823000002 1.7447891235351562 1.8261828422546387 2.096853256225586 2.2925405502319336 3.5579333305358887
11100.591961000002 1.7870092391967773 1.8703322410583496 2.1477560997009277 2.347431182861328 3.641012668609619
11400.081139000002 1.8294692039489746 1.9147067070007324 2.198533058166504 2.402247428894043 3.724722385406494
11700.743396000002 1.8737287521362305 1.9609451293945312 2.25142765045166 2.4597549438476562 3.8116674423217773
12000.631133000003 1.916163444519043 2.005167007446289 2.302186965942383 2.5145721435546875 3.8954458236694336
12300.436551000003 1.9606738090515137 2.0518956184387207 2.3557028770446777 2.5720739364624023 3.980879306793213
12600.754004000002 2.0032958984375 2.0963778495788574 2.406585216522217 2.6270952224731445 4.062494277954102
12900.111962000003 2.0461459159851074 2.1413421630859375 2.458158016204834 2.6830191612243652 4.145723342895508
13200.067163000003 2.085575580596924 2.1827120780944824 2.50587797164917 2.7344813346862793 4.225785732269287
13500.391629000003 2.124553680419922 2.223417282104492 2.552426338195801 2.7850241661071777 4.302937984466553
13800.380831000004 2.165435314178467 2.2661795616149902 2.601539134979248 2.837695598602295 4.383021354675293
14100.687106000003 2.2088565826416016 2.311735153198242 2.653573989868164 2.893691062927246 4.466714859008789
14400.474998000003 2.2514595985412598 2.356198787689209 2.704228401184082 2.948047161102295 4.550962448120117
14700.397190000003 2.291680335998535 2.398252010345459 2.7522921562194824 2.998967170715332 4.628749847412109
15000.304158000003 2.3331446647644043 2.441829204559326 2.8021764755249023 3.052823543548584 4.710869789123535
15300.188053000002 2.374018669128418 2.4845242500305176 2.8513107299804688 3.10567569732666 4.792130947113037
15600.009737000002 2.413935661315918 2.5263452529907227 2.8993825912475586 3.15798282623291 4.8726911544799805
15900.104550000002 2.4531607627868652 2.5677146911621094 2.947187900543213 3.2090840339660645 4.949693202972412
16200.530923000002 2.4914889335632324 2.6079654693603516 2.9934258460998535 3.2586913108825684 5.027097702026367
16500.047781 2.533179759979248 2.651968479156494 3.043887138366699 3.3123021125793457 5.108267784118652
16800.176401 2.5704827308654785 2.691018581390381 3.089125156402588 3.36110258102417 5.183165550231934
17100.766545000002 2.6084513664245605 2.7309069633483887 3.1354031562805176 3.4111757278442383 5.259398460388184
17400.004478000003 2.6479897499084473 2.772210121154785 3.182803153991699 3.4624547958374023 5.336664199829102
17700.394696000003 2.6872963905334473 2.813443183898926 3.2309207916259766 3.5140552520751953 5.413407802581787
18000.383520000003 2.7278342247009277 2.855954647064209 3.2795462608337402 3.5666580200195312 5.4941887855529785
18300.394980000005 2.7640295028686523 2.8939380645751953 3.3239293098449707 3.615419864654541 5.57150936126709
18600.204827000005 2.804007053375244 2.9357099533081055 3.3720717430114746 3.6670660972595215 5.647777080535889
18900.849534000004 2.84146785736084 2.9749932289123535 3.417473793029785 3.716452121734619 5.721263408660889
19200.003658000005 2.878467082977295 3.014005661010742 3.4623632431030273 3.7651119232177734 5.796469688415527
19500.194345000007 2.920319080352783 3.058051586151123 3.512721061706543 3.818784713745117 5.8765106201171875
19800.047674000005 2.959200382232666 3.098938465118408 3.5597009658813477 3.8693108558654785 5.951483249664307
20101.93541900001 2.9993114471435547 3.1411824226379395 3.608215808868408 3.922039031982422 6.02982759475708
20400.000461000007 3.0362043380737305 3.1800765991210938 3.652987003326416 3.970669746398926 6.104053974151611
20700.22316200001 3.071059226989746 3.216649055480957 3.695803165435791 4.016740322113037 6.174240589141846
21000.73349700001 3.1085219383239746 3.2560057640075684 3.7409324645996094 4.065369129180908 6.250293254852295
21300.40939000001 3.1443119049072266 3.293592929840088 3.784567356109619 4.113015651702881 6.32479190826416
21600.39851500001 3.1803646087646484 3.331563949584961 3.82881498336792 4.161029815673828 6.398421287536621
21732.06088300001 3.198373794555664 3.3504538536071777 3.8506197929382324 4.184360027313232 6.43584680557251
