300.008274 0.03531837463378906 0.9584622383117676 1.0175590515136719 1.0349717140197754 1.2648167610168457
600.0016899999999 0.07152271270751953 2.0138797760009766 2.1386852264404297 2.1785531044006348 2.586627960205078
900.002625 0.10687780380249023 2.9697022438049316 3.154642105102539 3.213379383087158 3.8332624435424805
1200.012067 0.14070892333984375 3.9323630332946777 4.2300214767456055 4.3148651123046875 5.108391761779785
1500.000312 0.17782258987426758 5.0364274978637695 5.395079135894775 5.4991254806518555 6.556236267089844
1800.000223 0.21767282485961914 6.110088348388672 6.528560161590576 6.651476860046387 7.910345077514648
2100.002625 0.25506162643432617 7.098818302154541 7.576840877532959 7.719212055206299 9.217689037322998
2400.0190860000002 0.2891268730163574 8.045728206634521 8.583239555358887 8.74226999282837 10.408823490142822
2700.011849 0.32428693771362305 8.91821575164795 9.510993480682373 9.688424587249756 11.563320636749268
3000.0015750000002 0.35892152786254883 9.905792236328125 10.622062683105469 10.837681770324707 12.874897956848145
3300.000168 0.39342546463012695 11.011784076690674 11.79294490814209 12.028182983398438 14.31419038772583
3600.004331 0.4272899627685547 11.974041938781738 12.812407493591309 13.064568519592285 15.526005268096924
3900.0051470000003 0.4614996910095215 13.025511741638184 13.92577838897705 14.196796894073486 16.88408374786377
4200.005124 0.4944453239440918 13.904629230499268 14.859492778778076 15.14648723602295 17.989294052124023
4500.007542 0.5277743339538574 14.876047611236572 15.895082473754883 16.20625925064087 19.261948108673096
4800.009722000001 0.5610742568969727 15.799338817596436 16.91435718536377 17.26384735107422 20.47421169281006
5100.010612 0.5936603546142578 16.967952728271484 18.149808883666992 18.520700454711914 21.968166828155518
5400.017485 0.6247892379760742 17.78267002105713 19.012428283691406 19.397892475128174 22.993921279907227
5700.015415 0.6568641662597656 18.7065691947937 19.994667053222656 20.399126052856445 24.183867931365967
6000.001255 0.687626838684082 19.542043685913086 20.88449716567993 21.304824352264404 25.2244610786438
6300.000295 0.718353271484375 20.406132221221924 21.802932739257812 22.239109992980957 26.344218254089355
6600.041212 0.7502598762512207 21.30167055130005 22.82658338546753 23.297377586364746 27.552576065063477
6900.00212 0.7801833152770996 22.13871479034424 23.713480472564697 24.199951171875 28.671325206756592
7200.000266999999 0.8098578453063965 23.00710916519165 24.636627197265625 25.138511657714844 29.74486541748047
7500.00231 0.8385734558105469 23.81521463394165 25.494348526000977 26.01025390625 30.79186248779297
7800.006499 0.8675036430358887 24.48500347137451 26.206517219543457 26.734102725982666 31.63399648666382
8100.004983000001 0.895322322845459 25.216158390045166 26.98642587661743 27.5298810005188 32.579758167266846
8400.005278 0.9237585067749023 26.092941284179688 27.955298900604248 28.531872272491455 33.70659351348877
8700.006768000001 0.9562458992004395 26.9496111869812 28.85990619659424 29.4557204246521 34.84321165084839
9000.000003000001 0.9865164756774902 28.173821449279785 30.13706350326538 30.7474365234375 36.286983489990234
9300.000032000002 1.0167899131774902 29.12545680999756 31.144367694854736 31.773319721221924 37.50744152069092
9600.004099000002 1.0438389778137207 29.76780366897583 31.828274726867676 32.47083902359009 38.31908941268921
9900.005209000003 1.070021152496338 30.50919771194458 32.61679172515869 33.273852825164795 39.286083698272705
10200.013024000002 1.0961332321166992 31.189605712890625 33.40093231201172 34.09045600891113 40.22201633453369
10500.000927000001 1.1226072311401367 31.848129749298096 34.102041244506836 34.807276248931885 41.12288045883179
10800.061484000002 1.1490888595581055 32.61024808883667 34.91361665725708 35.634681224823 42.06546926498413
11100.005079000002 1.1754021644592285 33.296950340270996 35.646031856536865 36.382023334503174 42.97069311141968
11400.001638000002 1.2012295722961426 33.970229625701904 36.36063098907471 37.10896348953247 43.80251455307007
11700.003013000001 1.2272539138793945 34.640700340270996 37.07517147064209 37.83726644515991 44.68017053604126
12000.001019000001 1.2530193328857422 35.28199052810669 37.79742240905762 38.58729267120361 45.55244064331055
12300.000123000002 1.2778339385986328 36.068236351013184 38.630704402923584 39.4362096786499 46.57343244552612
12600.019130000002 1.3016715049743652 36.697712421417236 39.29959440231323 40.11697435379028 47.357948303222656
12900.001880000002 1.3256096839904785 37.314340591430664 39.95620679855347 40.78747367858887 48.18007230758667
13200.000264000002 1.3497552871704102 37.940364360809326 40.622559547424316 41.46572017669678 48.95192289352417
13500.002049000002 1.3738951683044434 38.59409809112549 41.31994342803955 42.17625951766968 49.812148571014404
13800.001491000003 1.398831844329834 39.21904706954956 42.031004428863525 42.9138822555542 50.64743423461914
14100.011112000002 1.4227705001831055 39.88867473602295 42.74116659164429 43.637593269348145 51.5281138420105
14400.003207000002 1.4468145370483398 40.51941680908203 43.41201066970825 44.320725440979004 52.32057809829712
14700.018667000002 1.4704313278198242 41.10505771636963 44.03530693054199 44.95692491531372 53.11092805862427
15000.024436000003 1.4929399490356445 41.673542499542236 44.6396541595459 45.5751633644104 53.82689714431763
15300.000308000004 1.5168614387512207 42.33295440673828 45.34090280532837 46.29022693634033 54.69153547286987
15600.012337000004 1.5434131622314453 43.02671575546265 46.1043438911438 47.080885887145996 55.60201454162598
15900.006209000005 1.5710649490356445 43.79050540924072 46.91204261779785 47.903329849243164 56.60818433761597
16200.003782000003 1.5942249298095703 44.3388147354126 47.496453285217285 48.49877119064331 57.301992416381836
16500.008041000005 1.6171050071716309 44.95488214492798 48.15275049209595 49.16754627227783 58.11259889602661
16800.007379000006 1.6399025917053223 45.51046371459961 48.74684143066406 49.77301359176636 58.800283432006836
17100.022549000005 1.6634001731872559 46.077834606170654 49.353261947631836 50.3937873840332 59.55814599990845
17400.002142000005 1.6882052421569824 46.71538066864014 50.06943130493164 51.140092849731445 60.41670513153076
17700.003061000007 1.7120718955993652 47.34309196472168 50.73623037338257 51.82046699523926 61.263854026794434
18000.039243000007 1.7359867095947266 47.96938467025757 51.402366161346436 52.49832105636597 62.039079666137695
18300.005464000005 1.759847640991211 48.63491249084473 52.10927057266235 53.218398094177246 62.90584897994995
18600.004915000005 1.7834901809692383 49.22592735290527 52.734610080718994 53.854336738586426 63.63089418411255
18900.001218000005 1.8078227043151855 49.88805389404297 53.43840551376343 54.57186031341553 64.49151277542114
19200.000314000004 1.8323473930358887 50.49749803543091 54.11429691314697 55.27654981613159 65.2980260848999
19500.009036000003 1.8564577102661133 51.022043228149414 54.67324495315552 55.84813690185547 66.02455377578735
19800.014318 1.881345272064209 51.605674743652344 55.296276569366455 56.482463359832764 66.74941635131836
20100.011222 1.9062671661376953 52.23320388793945 55.963648319244385 57.16259956359863 67.57474136352539
20400.015751000003 1.9321112632751465 52.76605796813965 56.5336594581604 57.743595600128174 68.24636030197144
20700.000739000003 1.9580087661743164 53.32580089569092 57.134737491607666 58.35817050933838 68.9960355758667
21000.009538000002 1.9840054512023926 53.8970251083374 57.77485179901123 59.02390193939209 69.76931238174438
21300.005831000002 2.009561061859131 54.594797134399414 58.51492929458618 59.7769136428833 70.69051933288574
21600.000030000003 2.034754753112793 55.17219161987305 59.12726306915283 60.400065898895264 71.41705799102783
21720.66011 2.044978618621826 55.43387317657471 59.405195236206055 60.68369197845459 71.79528522491455
