302.499214 0.0001983642578125 0.00028228759765625 0.00032806396484375 0.0005273818969726562 0.0008730888366699219
602.565764 0.00020074844360351562 0.0002846717834472656 0.0003304481506347656 0.0005297660827636719 0.0008754730224609375
900.99431 0.00029087066650390625 0.00041294097900390625 0.00045871734619140625 0.0006580352783203125 0.0010037422180175781
1258.697102 0.0004553794860839844 0.0006766319274902344 0.0007371902465820312 0.0009365081787109375 0.0018992424011230469
1503.1186979999998 0.0010304450988769531 0.0013022422790527344 0.001499176025390625 0.0023393630981445312 0.0038094520568847656
1800.969626 0.0015130043029785156 0.0018839836120605469 0.0022945404052734375 0.0034399032592773438 0.004909992218017578
2102.592615 0.0016536712646484375 0.0020322799682617188 0.0024576187133789062 0.0036029815673828125 0.005106449127197266
2400.105004 0.1405181884765625 0.18671512603759766 0.2575507164001465 0.33997011184692383 0.4988064765930176
2700.013017 0.393035888671875 0.5150613784790039 0.7031850814819336 0.9162030220031738 1.2680120468139648
3000.713529 0.43607378005981445 0.5868930816650391 0.8209090232849121 1.2406082153320312 1.854557991027832
3300.016726 0.46076345443725586 0.6212191581726074 0.8641901016235352 1.290797233581543 1.9155478477478027
3600.05973 0.4742460250854492 0.6397795677185059 0.8949017524719238 1.3387541770935059 1.9735808372497559
3900.0345730000004 0.5296511650085449 0.7184262275695801 1.009455680847168 1.5044007301330566 2.175093650817871
4200.095130000001 0.6072502136230469 0.8487677574157715 1.2001643180847168 1.8630380630493164 2.767183303833008
4500.009410000001 0.7823319435119629 1.085747241973877 1.5256681442260742 2.2907094955444336 3.264434814453125
4800.033378000001 0.8898272514343262 1.2398357391357422 1.7353806495666504 2.570462226867676 3.585995674133301
5100.006436000001 1.1421208381652832 1.5990147590637207 2.2319388389587402 3.2388319969177246 4.454951763153076
5400.973431 1.3253135681152344 1.8408584594726562 2.5467190742492676 3.6896286010742188 5.047162055969238
5700.014986000001 1.3581409454345703 1.8843450546264648 2.603766441345215 3.7668538093566895 5.1567463874816895
6000.097760000001 1.4338393211364746 2.0032997131347656 2.79217529296875 4.505444526672363 6.448201656341553
6300.0125100000005 1.469803810119629 2.060318946838379 2.914303779602051 6.247025012969971 8.862948417663574
6600.001645000001 1.4883379936218262 2.0912623405456543 3.0238280296325684 7.977810859680176 10.998507022857666
6900.000389000001 1.5176281929016113 2.137281894683838 3.14138126373291 9.97703742980957 13.585063457489014
7200.000277000001 1.5552325248718262 2.1960625648498535 3.258388042449951 11.867658138275146 16.43171739578247
7500.212632000001 1.589085578918457 2.256610870361328 3.3799662590026855 14.853420734405518 20.743438243865967
7800.000273000001 1.6181716918945312 2.304323673248291 3.4910688400268555 16.76917839050293 23.364398956298828
8100.000824000001 1.6453971862792969 2.348593235015869 3.585024833679199 18.469502925872803 25.725879192352295
8400.802542 1.6718664169311523 2.3934578895568848 3.6979942321777344 20.097601890563965 27.997483253479004
8700.03268 1.72056245803833 2.4834842681884766 3.8772387504577637 22.349100589752197 31.22255277633667
9000.011113 1.7817087173461914 2.59757137298584 4.085110187530518 24.182593822479248 33.47187089920044
9300.000995 1.8302335739135742 2.698192596435547 4.2643914222717285 25.533719062805176 35.18738794326782
9600.170046 1.8915185928344727 2.8250231742858887 4.485806941986084 27.659939765930176 38.192137241363525
9900.26648 1.940199375152588 2.912449836730957 4.661611080169678 29.43098211288452 40.51813793182373
10200.000164000001 1.9912705421447754 3.009934902191162 4.8836236000061035 31.24265146255493 42.92605495452881
10500.010753 2.0264453887939453 3.0742673873901367 5.019731521606445 32.8277645111084 45.00960302352905
10800.000495 2.0702695846557617 3.1610398292541504 5.192165851593018 34.69492530822754 47.604527950286865
11100.202063 2.1154303550720215 3.249751567840576 5.399960517883301 37.0008225440979 50.56488609313965
11400.003225 2.2272815704345703 3.5032200813293457 5.940893650054932 40.46208953857422 54.68375253677368
11700.000795 2.2969136238098145 3.6523895263671875 6.245960235595703 42.44351005554199 57.17423391342163
12000.013464000001 2.3344197273254395 3.72988224029541 6.414700508117676 44.07760000228882 59.26094150543213
12300.133802 2.3681721687316895 3.794017791748047 7.06903076171875 46.65419054031372 62.263214111328125
12600.264235 2.4192566871643066 3.897831916809082 7.576157093048096 48.688952922821045 65.1949896812439
12900.089613 2.4474573135375977 3.9453248977661133 7.707935333251953 49.08246898651123 65.88177108764648
13200.032147000002 2.5098867416381836 4.05973482131958 8.052305698394775 50.78382396697998 68.84672451019287
13500.145371 2.584449291229248 4.209701061248779 8.403546333312988 52.940431118011475 72.29576253890991
13800.054782000001 2.6431326866149902 4.325996398925781 8.646923542022705 54.366637229919434 74.73394203186035
14100.096371000001 2.7155680656433105 4.46936559677124 8.924399375915527 56.34614324569702 77.70684957504272
14400.056530000002 2.7845592498779297 4.601193428039551 9.202167510986328 57.9500527381897 80.68489599227905
14700.061472000001 2.8373303413391113 4.698710918426514 9.384391784667969 59.29166316986084 83.2245421409607
15000.015897000003 2.911233425140381 4.830624103546143 9.63578748703003 60.87464237213135 85.98887205123901
15300.021900000002 2.996109962463379 4.991302967071533 9.944088459014893 62.66284418106079 88.60065937042236
15600.092980000003 3.0497303009033203 5.09005880355835 10.226992130279541 64.25093126296997 91.1732816696167
15900.024927000002 3.0986151695251465 5.181085109710693 10.453204154968262 66.01794815063477 94.43853235244751
16200.000685000003 3.1413416862487793 5.2679853439331055 10.626992225646973 67.65009498596191 97.53032064437866
16500.038822000002 3.184619903564453 5.3453450202941895 10.92558479309082 68.86221504211426 99.52410888671875
16800.388139000002 3.2700304985046387 5.458006858825684 11.12014102935791 69.30134916305542 100.3142876625061
17100.330419000005 3.2833504676818848 5.4885172843933105 11.20319652557373 69.5741376876831 100.7730360031128
17400.148671000003 3.2959346771240234 5.51546049118042 11.2693772315979 69.83435201644897 101.2625002861023
17700.027288000005 3.32802677154541 5.568206787109375 11.374666690826416 70.32907724380493 102.18205451965332
18000.019477000005 3.392974376678467 5.669039726257324 11.543562889099121 70.77465677261353 102.90732192993164
18300.154365000006 3.4772262573242188 5.815764427185059 11.779533863067627 71.18813467025757 103.53040647506714
18600.148768000003 3.6185503005981445 6.0300750732421875 12.064177513122559 71.54633903503418 103.98966884613037
18900.035336000004 3.7301506996154785 6.202253818511963 12.301222801208496 71.90942430496216 104.57122325897217
19200.018520000005 3.939441204071045 6.506898403167725 12.719400405883789 72.96459197998047 106.24074411392212
19500.088907000005 4.184910297393799 6.828104019165039 13.111205101013184 73.90956115722656 107.45391798019409
19800.002569000007 4.258161544799805 6.928322792053223 13.257724285125732 74.14101457595825 107.78520393371582
20100.000875000005 4.264373302459717 6.938506603240967 13.272590160369873 74.16331958770752 107.82202768325806
20400.629857000007 4.288341999053955 6.971561431884766 13.313591003417969 74.21209764480591 107.88093090057373
20700.050957000007 4.424792289733887 7.154934406280518 13.553394794464111 74.59245109558105 108.41126155853271
21000.006536000008 4.441819667816162 7.179170608520508 13.587125778198242 74.64601230621338 108.51597118377686
21300.35591000001 4.475159168243408 7.229705333709717 13.65537166595459 74.74230670928955 108.65073347091675
21601.14997300001 4.47670316696167 7.23250150680542 13.661526203155518 74.78241634368896 108.73956346511841
21900.077588000007 4.588843822479248 7.430153846740723 13.940916061401367 75.62153816223145 109.86011600494385
22203.20182900001 4.715071201324463 7.6041107177734375 14.15638542175293 75.86917352676392 110.14037895202637
22500.12714500001 4.81126594543457 7.7402424812316895 14.333877086639404 76.0874252319336 110.40198755264282
22800.01998800001 4.970088005065918 7.973874092102051 14.64821720123291 76.49040365219116 110.88836669921875
23104.68648000001 5.031806945800781 8.059741020202637 14.758406162261963 76.61966609954834 111.03327226638794
23404.10896600001 5.032642841339111 8.060805797576904 14.759688377380371 76.62178373336792 111.03546905517578
23704.56514000001 5.03341007232666 8.061779022216797 14.76078748703003 76.62369155883789 111.03737688064575
24000.013929000008 5.034153461456299 8.06277084350586 14.761802196502686 76.6254768371582 111.03916215896606
24304.328073000008 5.034968376159668 8.06383752822876 14.76288366317749 76.62740898132324 111.04113626480103
24604.78449000001 5.035843372344971 8.064877033233643 14.76393461227417 76.62925720214844 111.04298448562622
24900.233975000006 5.036672115325928 8.065771579742432 14.764829158782959 76.63088798522949 111.04510354995728
25201.414322000008 5.0372161865234375 8.066452980041504 14.76568603515625 76.6332516670227 111.04829120635986
25501.871131000007 5.038357734680176 8.067960739135742 14.767407417297363 76.63612222671509 111.0514965057373
25802.32745400001 5.0391154289245605 8.06891393661499 14.768852710723877 76.63936233520508 111.05858564376831
26102.982775000008 5.0400004386901855 8.069959163665771 14.769977569580078 76.6415638923645 111.06104278564453
26400.074565000006 5.041088104248047 8.071420669555664 14.772365093231201 76.64708614349365 111.06996393203735
26703.895838000008 5.042352676391602 8.073089599609375 14.774266242980957 76.65012311935425 111.07399940490723
27000.07374500001 5.043276786804199 8.074227333068848 14.775438785552979 76.65217685699463 111.07644510269165
27300.53034000001 5.044077396392822 8.075165271759033 14.776376724243164 76.65395784378052 111.07822608947754
27600.986996000007 5.044483661651611 8.075602054595947 14.776813507080078 76.65520334243774 111.07983016967773
27902.663966000007 5.04484224319458 8.075960636138916 14.777172088623047 76.6563630104065 111.08098983764648
28202.49685500001 5.045426845550537 8.076674938201904 14.777897834777832 76.65792608261108 111.08302593231201
28503.576843000006 5.046303749084473 8.077773094177246 14.779228687286377 76.66002750396729 111.08664846420288
28803.10701800001 5.046754360198975 8.078277111053467 14.779762744903564 76.66123294830322 111.08789205551147
29103.17352400001 5.047547340393066 8.079314231872559 14.780835151672363 76.6630072593689 111.08992099761963
29403.24006900001 5.047953128814697 8.079773426055908 14.781294345855713 76.66406917572021 111.09098291397095
29702.926410000007 5.0489020347595215 8.081737041473389 14.785004615783691 76.67195653915405 111.10319519042969
30001.58892900001 5.04995584487915 8.083230018615723 14.787227153778076 76.67688751220703 111.11348485946655
30303.839560000008 5.050837516784668 8.084439754486084 14.78850269317627 76.67892599105835 111.11552333831787
30601.566843000008 5.051637649536133 8.085506916046143 14.789584636688232 76.68073654174805 111.11737585067749
30902.02319800001 5.052493572235107 8.086584091186523 14.79067325592041 76.68251943588257 111.11915874481201
31202.48014800001 5.053171157836914 8.087315082550049 14.791404247283936 76.68391036987305 111.12054967880249
31504.212635000007 5.053634166717529 8.087785720825195 14.791889667510986 76.6850700378418 111.12170934677124
31804.66918400001 5.054125785827637 8.088373184204102 14.792477130889893 76.68624877929688 111.12288808822632
32100.11804300001 5.054487228393555 8.08873462677002 14.79289960861206 76.68714809417725 111.12433671951294
32400.88362300001 5.0551981925964355 8.089582443237305 14.794143676757812 76.68976545333862 111.12768268585205
32701.33963200001 5.055764198303223 8.090285778045654 14.7951979637146 76.69097232818604 111.12888956069946
33001.79602900001 5.056228160858154 8.090795516967773 14.796371459960938 76.6930422782898 111.1337022781372
33301.50608500001 5.056841850280762 8.091508388519287 14.797518730163574 76.69421911239624 111.13505458831787
33635.517664000006 5.057822227478027 8.092726230621338 14.799238204956055 76.69623327255249 111.1376371383667
33902.41889000001 5.058216094970703 8.093234539031982 14.799781799316406 76.69679594039917 111.13859176635742
34201.137367 5.058734893798828 8.094005107879639 14.800830364227295 76.69854640960693 111.14199781417847
34528.971702 5.059166431427002 8.094558715820312 14.801383972167969 76.69910001754761 111.1426887512207
34829.038242 5.059168815612793 8.094561100006104 14.80138635635376 76.6991024017334 111.1426911354065
35153.263241 5.059286117553711 8.094686031341553 14.801526069641113 76.69927167892456 111.14286041259766
35411.818362000005 5.0603413581848145 8.09635066986084 14.803300380706787 76.7013521194458 111.1456823348999
35710.37959700001 5.060842514038086 8.09708833694458 14.804312229156494 76.70244789123535 111.14755630493164
36000.119412 5.061126232147217 8.097570419311523 14.804893493652344 76.70336389541626 111.15067720413208
36310.512685 5.061575412750244 8.09823751449585 14.80556058883667 76.70403099060059 111.1513442993164
36616.998872000004 5.061708927154541 8.098416805267334 14.805785179138184 76.7042555809021 111.15160703659058
36920.449397000004 5.061868667602539 8.09862232208252 14.80599069595337 76.70451831817627 111.15215587615967
37220.515957 5.062106609344482 8.098951816558838 14.806396484375 76.70494318008423 111.15274381637573
37504.97456000001 5.062644958496094 8.099642753601074 14.807212829589844 76.7058424949646 111.15400552749634
37823.277052000005 5.062874794006348 8.099918365478516 14.807660102844238 76.706289768219 111.15445280075073
38123.343553000006 5.062943935394287 8.10001802444458 14.807759761810303 76.70638942718506 111.1545524597168
38401.699141000005 5.063385963439941 8.100482940673828 14.808491230010986 76.70712089538574 111.15562725067139
38718.83154000001 5.06374454498291 8.100910186767578 14.809059143066406 76.70774126052856 111.1562819480896
39018.898033000005 5.063838481903076 8.10103464126587 14.809183597564697 76.70786571502686 111.15669250488281
39307.13259500001 5.063969135284424 8.101233959197998 14.809412956237793 76.70809507369995 111.15759325027466
39601.708491000005 5.064136505126953 8.101519584655762 14.809740543365479 76.70842266082764 111.15792083740234
39907.265640000005 5.064361095428467 8.1017746925354 14.810224533081055 76.70890665054321 111.15840482711792
40248.35226400001 5.064565181732178 8.102062702178955 14.810527324676514 76.70923137664795 111.15876770019531
40503.303699000004 5.065002918243408 8.102665424346924 14.811399936676025 76.71020317077637 111.16002941131592
40848.485349 5.065377235412598 8.103204727172852 14.812053680419922 76.71091413497925 111.16084718704224
41143.660758000005 5.0656538009643555 8.103565216064453 14.812535762786865 76.71139621734619 111.16152000427246
41400.59388 5.065762519836426 8.103727340698242 14.812724590301514 76.71158504486084 111.16170883178711
41743.793804 5.06590461730957 8.103907585144043 14.812916278839111 76.71179866790771 111.16192245483398
42000.262123 5.0663042068481445 8.10435962677002 14.81351375579834 76.71266603469849 111.16382360458374
42300.734124 5.067607402801514 8.106028079986572 14.81969690322876 76.73724746704102 111.19645690917969
42600.359303 5.068131446838379 8.106689453125 14.821052551269531 76.73973226547241 111.20071172714233
42903.513591 5.068877220153809 8.107580184936523 14.822396755218506 76.74107646942139 111.2024245262146
43200.225788 5.0694355964660645 8.108306407928467 14.823718070983887 76.74261140823364 111.20417308807373
43500.682348 5.069842338562012 8.108781814575195 14.824479579925537 76.7433729171753 111.20493459701538
43803.270835 5.070348262786865 8.10947847366333 14.825374126434326 76.74429702758789 111.20589685440063
44103.72726 5.071003437042236 8.110507488250732 14.826700687408447 76.74611186981201 111.20808935165405
44404.183942 5.071547508239746 8.111364364624023 14.827557563781738 76.7469687461853 111.20894622802734
44700.767053 5.07210111618042 8.112139225006104 14.828347206115723 76.74775838851929 111.20981884002686
45004.859587000006 5.072225570678711 8.112317085266113 14.828525066375732 76.7479362487793 111.20999670028687
45314.690384 5.072288990020752 8.11241102218628 14.828630447387695 76.74804162979126 111.21010208129883
45612.6469 5.0723748207092285 8.112504482269287 14.828738689422607 76.74814987182617 111.21021032333374
45902.277026 5.072620868682861 8.112854480743408 14.829115390777588 76.74862480163574 111.21112775802612
46201.017829000004 5.073208808898926 8.113762855529785 14.831034660339355 76.75180292129517 111.21557998657227
46500.641833 5.0738654136657715 8.114576816558838 14.832343578338623 76.75329113006592 111.21725130081177
46801.098334 5.074436187744141 8.1152925491333 14.833471298217773 76.75441884994507 111.21837902069092
47101.554793 5.0746283531188965 8.115565299987793 14.834277153015137 76.75554513931274 111.2199935913086
47400.789377 5.074880123138428 8.11591625213623 14.834658145904541 76.75592613220215 111.22045755386353
47750.852654 5.075169086456299 8.116327285766602 14.835145473480225 76.75651264190674 111.22110509872437
48050.919204000005 5.075316429138184 8.116566181182861 14.835384368896484 76.756751537323 111.22134399414062
48327.37631000001 5.075477600097656 8.116811275482178 14.835644245147705 76.75701141357422 111.22168684005737
48627.442819 5.07588005065918 8.117412090301514 14.836275577545166 76.7577486038208 111.22252702713013
48903.469729000004 5.075990200042725 8.117552757263184 14.836416244506836 76.75788927078247 111.22276210784912
49208.98984300001 5.076253414154053 8.117913246154785 14.836829662322998 76.75832557678223 111.2234959602356
49556.88594400001 5.076403617858887 8.11819314956665 14.837109565734863 76.75860548019409 111.22377586364746
49856.95246500001 5.076643466949463 8.118547439575195 14.837643146514893 76.75922584533691 111.22514009475708
50119.08930500001 5.076828956604004 8.118854999542236 14.8379807472229 76.75956344604492 111.22551965713501
50419.15583500001 5.077006816864014 8.11911678314209 14.838379859924316 76.76021432876587 111.22679615020752
50719.22241200001 5.077009201049805 8.11911916732788 14.838382244110107 76.76021671295166 111.22679853439331
51004.39163300001 5.077270030975342 8.119486808776855 14.838764667510986 76.76062107086182 111.22724485397339
51334.14585800001 5.077477931976318 8.119786262512207 14.839117527008057 76.76105403900146 111.2279896736145
51649.86808600001 5.077879428863525 8.120375633239746 14.839759826660156 76.76174116134644 111.22871494293213
51938.67264800001 5.07796573638916 8.120500087738037 14.839884281158447 76.76186561584473 111.22883939743042
52250.00112100001 5.078029155731201 8.120594024658203 14.839978218078613 76.76195955276489 111.22893333435059
52550.63816600001 5.078127384185791 8.120760917663574 14.840159893035889 76.76214122772217 111.22915315628052
52850.70473000001 5.07827091217041 8.120980739593506 14.840391159057617 76.7623724937439 111.22938442230225
53150.77122300001 5.078507423400879 8.121339321136475 14.84092903137207 76.76299715042114 111.23075294494629
53444.248925000014 5.078636646270752 8.12154483795166 14.841160297393799 76.76322841644287 111.23102235794067
53744.315464000014 5.079097747802734 8.122349262237549 14.842117309570312 76.76433038711548 111.23233032226562
54044.381985000015 5.079298496246338 8.12265682220459 14.84252405166626 76.76485919952393 111.23305749893188
54330.69807300001 5.079686641693115 8.123219966888428 14.843183040618896 76.7657356262207 111.23463439941406
54630.76458300001 5.080030918121338 8.123709201812744 14.84377908706665 76.76640319824219 111.23538970947266
54930.83109700001 5.080305099487305 8.124113082885742 14.844182968139648 76.76680707931519 111.23583841323853
55210.00102800001 5.080470561981201 8.124385356903076 14.844470024108887 76.76709413528442 111.23616743087769
55510.06751600001 5.0806989669799805 8.12470531463623 14.844825267791748 76.76763248443604 111.23694133758545
55810.13405500001 5.080864906311035 8.124932289123535 14.845091342926025 76.76789855957031 111.23727989196777
56142.17424400001 5.080994606018066 8.125138282775879 14.845312118530273 76.76811933517456 111.23754262924194
56442.24080100001 5.081149578094482 8.125369548797607 14.845543384552002 76.76835060119629 111.23777389526367
56742.30732900001 5.081409454345703 8.125736236572266 14.846089363098145 76.76898336410522 111.2391505241394
57038.87516100001 5.081658840179443 8.126112461090088 14.846529960632324 76.76946592330933 111.23989629745483
57338.94171300001 5.0818328857421875 8.126416206359863 14.8468337059021 76.7697696685791 111.24020004272461
57639.00822500001 5.081893444061279 8.126476764678955 14.846894264221191 76.769859790802 111.24029016494751
57956.58863400001 5.082160949707031 8.1268892288208 14.847397804260254 76.7704348564148 111.24104833602905
58256.655212000005 5.082350730895996 8.127201080322266 14.847785949707031 76.77088403701782 111.24174547195435
58556.721667000005 5.0826239585876465 8.127634525299072 14.848257541656494 76.77151203155518 111.24254894256592
58807.128276 5.082792282104492 8.127886772155762 14.848524570465088 76.77177906036377 111.24289894104004
59107.194798000004 5.082998752593994 8.128177165985107 14.848841667175293 76.7721152305603 111.24323511123657
59407.261313 5.083001136779785 8.128179550170898 14.848844051361084 76.7721176147461 111.24323749542236
59710.36359 5.083215713500977 8.128508567810059 14.849187850952148 76.77246141433716 111.24362325668335
60010.430083 5.083279132843018 8.128610134124756 14.849289417266846 76.77256298065186 111.24372482299805
60310.496633 5.083304405212402 8.128643035888672 14.849337577819824 76.77261114120483 111.24438333511353
60606.423566 5.083619117736816 8.129156112670898 14.849903583526611 76.7731990814209 111.24497127532959
60901.498200999995 5.083794116973877 8.129422664642334 14.850196838378906 76.7734923362732 111.24535989761353
61206.556594 5.083993434906006 8.129672527313232 14.850446701049805 76.77380132675171 111.24590158462524
61508.299106 5.0843634605407715 8.13023328781128 14.851022243499756 76.77437686920166 111.24655628204346
61855.416644 5.084719657897949 8.130780220031738 14.85166072845459 76.77503824234009 111.24736166000366
62131.600172 5.084755897521973 8.130854606628418 14.85173511505127 76.77511262893677 111.24743604660034
62423.580562999996 5.084989070892334 8.131240367889404 14.85222339630127 76.77605485916138 111.24876737594604
62737.155429 5.085052490234375 8.13133430480957 14.852317333221436 76.77614879608154 111.24886131286621
63032.588773999996 5.085054874420166 8.131336688995361 14.852319717407227 76.77615118026733 111.248863697052
63319.172632 5.085543155670166 8.131992816925049 14.853079319000244 76.77695178985596 111.25007247924805
63602.093402 5.085618019104004 8.132105827331543 14.853192329406738 76.77706480026245 111.25067377090454
63904.89002 5.087985038757324 8.144891262054443 14.867950439453125 76.7927393913269 111.26714849472046
64204.482042 5.08859395980835 8.145866394042969 14.868940353393555 76.79372930526733 111.26817655563354
64527.262105 5.0887908935546875 8.146154880523682 14.869228839874268 76.79401779174805 111.26846504211426
64827.328622 5.0887932777404785 8.146157264709473 14.869231224060059 76.79402017593384 111.26846742630005
65147.379945 5.089075565338135 8.146622657775879 14.869769096374512 76.79464960098267 111.26909685134888
65447.44647 5.089287757873535 8.146941661834717 14.87008810043335 76.7949686050415 111.26941585540771
65700.269719 5.089535236358643 8.14728832244873 14.87058687210083 76.7955551147461 111.27024841308594
66000.336243 5.089678764343262 8.147508144378662 14.870806694030762 76.79577493667603 111.27046823501587
66300.402756 5.089681148529053 8.147510528564453 14.870809078216553 76.79577732086182 111.27047061920166
66606.062819 5.089841365814209 8.147747039794922 14.871060371398926 76.79602861404419 111.2708010673523
66906.129363 5.089988708496094 8.147963047027588 14.871276378631592 76.79624462127686 111.27101707458496
67206.195879 5.090026378631592 8.148000717163086 14.87131404876709 76.79628229141235 111.27154302597046
67503.35566200002 5.090216636657715 8.148328304290771 14.871667385101318 76.79663562774658 111.27189636230469
67804.76267000001 5.090352535247803 8.148548126220703 14.87188720703125 76.79685544967651 111.27211618423462
68104.82922300001 5.090564727783203 8.148851871490479 14.872190952301025 76.79721927642822 111.2725133895874
68401.42656900002 5.090861797332764 8.149316787719727 14.872758865356445 76.79824876785278 111.27465677261353
68701.49300100002 5.091092586517334 8.149646759033203 14.873222351074219 76.79874277114868 111.27526807785034
69001.55954600002 5.091275691986084 8.149982452392578 14.873558044433594 76.79907846450806 111.27560377120972
69320.086915 5.091949462890625 8.150891304016113 14.874638557434082 76.80033349990845 111.27752542495728
69654.16144600001 5.092047214508057 8.151057720184326 14.874804973602295 76.80049991607666 111.27769184112549
69954.22797600001 5.092049598693848 8.151060104370117 14.874807357788086 76.80050230026245 111.27769422531128
70230.48331000001 5.092408657073975 8.1515793800354 14.875388145446777 76.80110216140747 111.27833223342896
70530.54984600001 5.09246826171875 8.151677131652832 14.875485897064209 76.8011999130249 111.27842998504639
70830.61634200001 5.092487335205078 8.15169620513916 14.875657558441162 76.80156993865967 111.27941417694092
71144.360306 5.092774868011475 8.152174472808838 14.876150608062744 76.80209255218506 111.27993679046631
71459.80712 5.092811584472656 8.152234077453613 14.87621021270752 76.80215215682983 111.27999639511108
71759.873626 5.092813968658447 8.152236461639404 14.87621259689331 76.80215454101562 111.27999877929688
72000.25713 5.093079566955566 8.152654647827148 14.876645565032959 76.80258750915527 111.28046989440918
72347.367486 5.093472480773926 8.153162002563477 14.877237796783447 76.80322933197021 111.28116416931152
72647.434001 5.093474864959717 8.153164386749268 14.877240180969238 76.803231716156 111.28116655349731
72902.28624599999 5.093747138977051 8.153581619262695 14.87767219543457 76.80366373062134 111.28164052963257
73202.35275499999 5.093749523162842 8.153584003448486 14.877674579620361 76.80366611480713 111.28164291381836
73502.201278 5.094568729400635 8.154540538787842 14.878952503204346 76.80764770507812 111.28738975524902
73800.12432999999 5.095347881317139 8.155502796173096 14.880043983459473 76.80999040603638 111.29166269302368
74100.58088899999 5.096038818359375 8.156292915344238 14.880876064300537 76.81137466430664 111.29608535766602
74401.037382 5.0965447425842285 8.156836986541748 14.88173246383667 76.81267738342285 111.29849433898926
74702.41357799999 5.097175598144531 8.157658576965332 14.882580280303955 76.81352519989014 111.30053234100342
75002.87010699998 5.097650051116943 8.158178806304932 14.883100509643555 76.81404542922974 111.30227994918823
75303.32663899999 5.098207950592041 8.158817291259766 14.883792400360107 76.81475639343262 111.30441761016846
75600.30792099999 5.098928451538086 8.159766674041748 14.88486385345459 76.81584692001343 111.30683088302612
75900.76380199999 5.099426746368408 8.160356521606445 14.885453701019287 76.8165283203125 111.30844306945801
76201.22057199999 5.0997724533081055 8.160702228546143 14.885799407958984 76.8172402381897 111.30977296829224
76504.13609799999 5.1005401611328125 8.161683559417725 14.88684606552124 76.81891632080078 111.31189155578613
76804.592916 5.100882053375244 8.162025451660156 14.887187957763672 76.82010507583618 111.31314897537231
77100.04139099999 5.10122013092041 8.162363529205322 14.887526035308838 76.82132816314697 111.3143720626831
77401.97388699999 5.1018595695495605 8.163155555725098 14.888332843780518 76.82301139831543 111.31609344482422
77702.43007799999 5.102451324462891 8.163854122161865 14.889206886291504 76.82476663589478 111.31859254837036
78002.88636399999 5.102797031402588 8.164199829101562 14.889552593231201 76.82589435577393 111.31972026824951
78303.82225299999 5.103482723236084 8.165083885192871 14.890451431274414 76.8275637626648 111.32142782211304
78604.278894 5.103862762451172 8.165479183197021 14.890892505645752 76.82915687561035 111.3231430053711
78904.735498 5.104208469390869 8.165824890136719 14.89123821258545 76.83018159866333 111.32416772842407
79204.68869000001 5.111839771270752 8.17625617980957 14.912441730499268 76.86273908615112 111.35729551315308
79500.13749000001 5.112360954284668 8.176876544952393 14.91306209564209 76.86396980285645 111.3585262298584
79800.59388100001 5.112783908843994 8.177314758300781 14.913515567779541 76.86501455307007 111.35965776443481
80104.57289000001 5.113365173339844 8.178048610687256 14.91438627243042 76.8663239479065 111.3610053062439
80400.02177800001 5.113699436187744 8.178382873535156 14.91496467590332 76.86715030670166 111.36183166503906
80700.478134 5.114273548126221 8.179010391235352 14.91598892211914 76.86827278137207 111.36321020126343
81003.48699300001 5.115100860595703 8.180028438568115 14.917524814605713 76.86986875534058 111.36489009857178
81303.94330600002 5.11574649810791 8.180857181549072 14.91893720626831 76.87136793136597 111.36707210540771
81614.040181 5.115816593170166 8.180972576141357 14.919090747833252 76.87152147293091 111.36722564697266
81938.36938 5.116379261016846 8.181875705718994 14.920233726501465 76.87288856506348 111.36889791488647
82238.43591300001 5.11655855178833 8.18209981918335 14.920489311218262 76.87321281433105 111.36922216415405
82501.530579 5.116672515869141 8.182251930236816 14.920668125152588 76.87339162826538 111.36943531036377
82832.441367 5.117086410522461 8.182841300964355 14.921375274658203 76.87412166595459 111.37025213241577
83132.50792500001 5.117233753204346 8.183072566986084 14.921606540679932 76.87435293197632 111.3704833984375
83432.57440900001 5.1173415184021 8.183203220367432 14.921791553497314 76.87473917007446 111.37090396881104
83719.359412 5.1175689697265625 8.183575630187988 14.922178745269775 76.87512636184692 111.37132930755615
84019.425927 5.1175713539123535 8.18357801437378 14.922181129455566 76.87512874603271 111.37133169174194
84319.49244000002 5.1175737380981445 8.18358039855957 14.922183513641357 76.8751311302185 111.37133407592773
84379.505738 5.11761999130249 8.183634281158447 14.922237396240234 76.87518501281738 111.37138795852661
