300.004342 0.010377883911132812 0.01668691635131836 0.024013996124267578 0.034018516540527344 0.06141185760498047
600.026525 0.02013254165649414 0.032935142517089844 0.047777652740478516 0.06770944595336914 0.12213706970214844
900.00323 0.02954578399658203 0.048406124114990234 0.07075977325439453 0.09974002838134766 0.18083667755126953
1200.006875 0.0393986701965332 0.0646967887878418 0.09493350982666016 0.13378620147705078 0.24281549453735352
1500.022739 0.049791812896728516 0.08200693130493164 0.1194915771484375 0.16823673248291016 0.306821346282959
1800.134815 0.06111478805541992 0.10071706771850586 0.14864826202392578 0.2082686424255371 0.37952136993408203
2100.181328 0.07166051864624023 0.11963653564453125 0.1755514144897461 0.24472522735595703 0.4456777572631836
2400.000974 0.08150529861450195 0.13604068756103516 0.19896984100341797 0.27755117416381836 0.5067582130432129
2700.074915 0.09085750579833984 0.15205907821655273 0.22239160537719727 0.30932044982910156 0.5662875175476074
3000.0801300000003 0.10023736953735352 0.1676959991455078 0.24781036376953125 0.34455060958862305 0.6286349296569824
3300.1994830000003 0.10976743698120117 0.1832447052001953 0.26991891860961914 0.3755931854248047 0.6846418380737305
3600.059814 0.11868667602539062 0.19742298126220703 0.2909383773803711 0.40446949005126953 0.7383303642272949
3900.0909410000004 0.12750959396362305 0.211822509765625 0.31224679946899414 0.43469953536987305 0.7914590835571289
4200.195327 0.1363530158996582 0.22594642639160156 0.3330197334289551 0.46436452865600586 0.8448600769042969
4500.029388000001 0.1444559097290039 0.23964691162109375 0.3531060218811035 0.4930291175842285 0.8980846405029297
4800.024038 0.15268182754516602 0.25328969955444336 0.3734745979309082 0.5221462249755859 0.9511442184448242
5100.049986 0.16039466857910156 0.26590728759765625 0.3925466537475586 0.5490789413452148 0.9996790885925293
5400.037294 0.16809844970703125 0.2785496711730957 0.41159772872924805 0.5764636993408203 1.0489091873168945
5700.00209 0.17542123794555664 0.29075193405151367 0.43032407760620117 0.6029806137084961 1.0963506698608398
6000.065047 0.1840381622314453 0.30449628829956055 0.4507412910461426 0.6315903663635254 1.1464824676513672
6300.177793 0.19214963912963867 0.31810998916625977 0.4706077575683594 0.660118579864502 1.1953330039978027
6600.075814 0.20060968399047852 0.3315243721008301 0.4907999038696289 0.6883430480957031 1.2443819046020508
6900.065762 0.2084975242614746 0.34436702728271484 0.5102095603942871 0.7155022621154785 1.292414665222168
7200.107421 0.21714115142822266 0.3582882881164551 0.5304713249206543 0.7449569702148438 1.3431921005249023
7500.159567999999 0.22472572326660156 0.37052392959594727 0.5490579605102539 0.7713370323181152 1.3906431198120117
7800.121219 0.23229312896728516 0.383023738861084 0.5680294036865234 0.7984194755554199 1.4397540092468262
8100.067765 0.24020147323608398 0.396453857421875 0.5882163047790527 0.827113151550293 1.4942808151245117
8400.000657999999 0.2474513053894043 0.40850400924682617 0.6062822341918945 0.8523454666137695 1.5372791290283203
8700.058590999999 0.2555861473083496 0.421846866607666 0.6262631416320801 0.8799915313720703 1.5845303535461426
9000.054033999999 0.2627682685852051 0.4338397979736328 0.6439313888549805 0.9054660797119141 1.6277589797973633
9300.056116 0.26999568939208984 0.4456672668457031 0.6620535850524902 0.9315075874328613 1.6722412109375
9600.044876 0.27751588821411133 0.4581937789916992 0.6810302734375 0.9575109481811523 1.7166452407836914
9900.010790999999 0.28456830978393555 0.4700784683227539 0.6986880302429199 0.9826784133911133 1.7608027458190918
10200.035998 0.29200267791748047 0.48206186294555664 0.7167019844055176 1.0076580047607422 1.8049249649047852
10500.015307999998 0.3035135269165039 0.5000185966491699 0.7408432960510254 1.0398578643798828 1.8589048385620117
10800.010749 0.30930519104003906 0.5093889236450195 0.7554669380187988 1.060293197631836 1.8945388793945312
11100.006265 0.31481170654296875 0.5184321403503418 0.7698426246643066 1.0801582336425781 1.9278430938720703
11400.001702 0.3198704719543457 0.5269312858581543 0.7832026481628418 1.0994396209716797 1.9605731964111328
11700.001550999998 0.32498979568481445 0.5354571342468262 0.7970409393310547 1.118943691253662 1.9936580657958984
12000.125332999998 0.33031511306762695 0.5440206527709961 0.8108434677124023 1.1387834548950195 2.0272793769836426
12300.017834999999 0.3354215621948242 0.552757740020752 0.8246755599975586 1.15907621383667 2.0616159439086914
12600.756642999999 0.34872865676879883 0.5731163024902344 0.8519020080566406 1.1950197219848633 2.1242752075195312
12900.010436999999 0.35360145568847656 0.5811305046081543 0.8646636009216309 1.213521957397461 2.154895782470703
13200.088562999998 0.35813331604003906 0.5888595581054688 0.8774538040161133 1.2321782112121582 2.1867427825927734
13500.706709999999 0.363339900970459 0.5973129272460938 0.89111328125 1.2518305778503418 2.2189784049987793
13800.319266999999 0.36818981170654297 0.6052842140197754 0.903958797454834 1.2707085609436035 2.2506613731384277
14100.797868999998 0.37300586700439453 0.612952709197998 0.9166059494018555 1.28892183303833 2.2809553146362305
14400.616243999999 0.3778371810913086 0.6208205223083496 0.9294347763061523 1.3076510429382324 2.3130688667297363
14700.049407999999 0.3824429512023926 0.6284570693969727 0.9423203468322754 1.3266644477844238 2.3454737663269043
15000.255233999998 0.3872661590576172 0.636138916015625 0.9552526473999023 1.3454866409301758 2.377046585083008
15300.163203999999 0.39205217361450195 0.6440863609313965 0.968630313873291 1.3651180267333984 2.409773826599121
15600.123018999999 0.39704275131225586 0.652280330657959 0.9823579788208008 1.3841862678527832 2.4431204795837402
15900.039313999998 0.4025149345397949 0.6611008644104004 0.9965915679931641 1.4052729606628418 2.480060577392578
16200.218974999998 0.40744972229003906 0.6694111824035645 1.0111565589904785 1.4265484809875488 2.519287586212158
16500.446816999996 0.4122600555419922 0.6774044036865234 1.024411678314209 1.4460139274597168 2.5521349906921387
16800.315906 0.41743040084838867 0.6858983039855957 1.0386786460876465 1.4654016494750977 2.5870718955993652
17100.273316 0.4223647117614746 0.694159984588623 1.052112102508545 1.4854516983032227 2.620645523071289
17400.388551999997 0.42738962173461914 0.7023744583129883 1.0654582977294922 1.5042119026184082 2.6530847549438477
17700.230685 0.43228960037231445 0.7107419967651367 1.0784525871276855 1.5222244262695312 2.6846766471862793
18000.210591 0.4371981620788574 0.7185626029968262 1.0912818908691406 1.540506362915039 2.7158827781677246
18300.044869999998 0.4435544013977051 0.7295436859130859 1.1081733703613281 1.5644030570983887 2.754972457885742
18600.075383999996 0.4562840461730957 0.7485389709472656 1.1335663795471191 1.597029685974121 2.810408115386963
18900.031724999997 0.46117544174194336 0.7562346458435059 1.1458816528320312 1.6148500442504883 2.8404412269592285
19200.033078999997 0.4662632942199707 0.7645750045776367 1.1589598655700684 1.6331267356872559 2.8731212615966797
19500.356347999998 0.4711031913757324 0.7722387313842773 1.1708331108093262 1.6502914428710938 2.900367259979248
19800.351882 0.47613525390625 0.7807059288024902 1.1838889122009277 1.6694998741149902 2.9310531616210938
20100.348357 0.4810361862182617 0.7884359359741211 1.1961908340454102 1.6878471374511719 2.9602537155151367
20400.104962999998 0.4868645668029785 0.7981061935424805 1.2131075859069824 1.7113323211669922 2.9974989891052246
20700.076499 0.4948592185974121 0.8109726905822754 1.231668472290039 1.7379941940307617 3.042377471923828
21000.130267999997 0.5034394264221191 0.8247876167297363 1.25115966796875 1.7645010948181152 3.08889102935791
21300.376253999995 0.5101990699768066 0.835747241973877 1.2674956321716309 1.787856101989746 3.129685878753662
21600.329643999998 0.516171932220459 0.8459181785583496 1.2834820747375488 1.8107185363769531 3.1690168380737305
21900.325087999998 0.5226550102233887 0.856783390045166 1.3001890182495117 1.8348374366760254 3.211338520050049
22200.155467999997 0.5291838645935059 0.8675527572631836 1.316382884979248 1.8582282066345215 3.2526869773864746
22500.038030999996 0.5359439849853516 0.8787655830383301 1.3335208892822266 1.882946491241455 3.295440673828125
22800.044289999998 0.5426878929138184 0.889946460723877 1.3505582809448242 1.9068756103515625 3.3380651473999023
23100.322685999996 0.54901123046875 0.9003944396972656 1.366471767425537 1.9293980598449707 3.379507541656494
23400.079857999997 0.5561695098876953 0.9117679595947266 1.3838081359863281 1.9536337852478027 3.421973705291748
23700.234714 0.5634260177612305 0.9272541999816895 1.4068660736083984 1.9843053817749023 3.4699087142944336
24000.011035999996 0.5701913833618164 0.9384932518005371 1.4241442680358887 2.0087952613830566 3.5123820304870605
24300.344922999997 0.5763964653015137 0.9487109184265137 1.4406604766845703 2.0322556495666504 3.556126594543457
24600.004979999998 0.5836291313171387 0.9694595336914062 1.4691543579101562 2.0703964233398438 3.619464874267578
24900.001727999996 0.5900325775146484 0.9903082847595215 1.496891975402832 2.1062536239624023 3.6786704063415527
25200.008349 0.5955848693847656 0.9992990493774414 1.5111641883850098 2.1267504692077637 3.71248722076416
25500.019732999997 0.6013870239257812 1.0094213485717773 1.5267810821533203 2.14871883392334 3.7490315437316895
25800.015193 0.6070785522460938 1.019242763519287 1.5425400733947754 2.1705775260925293 3.788163661956787
26100.001710999997 0.612882137298584 1.02907133102417 1.5582194328308105 2.1927366256713867 3.8289527893066406
26400.021943 0.6190357208251953 1.0395116806030273 1.5747027397155762 2.2162117958068848 3.8709683418273926
26700.01742 0.6250081062316895 1.0498528480529785 1.590792179107666 2.238924980163574 3.9111390113830566
27000.01316 0.6310601234436035 1.0600647926330566 1.6065917015075684 2.261441230773926 3.952387809753418
27300.008487 0.6381587982177734 1.0717949867248535 1.6246891021728516 2.2866077423095703 3.998054027557373
27600.004001999998 0.6442327499389648 1.0819010734558105 1.6405768394470215 2.3090734481811523 4.037833213806152
27900.000247 0.6501784324645996 1.092155933380127 1.6567320823669434 2.33174991607666 4.078635215759277
28200.035634 0.6573677062988281 1.104111671447754 1.675600528717041 2.357135772705078 4.122617244720459
28500.263377 0.663825511932373 1.115199089050293 1.6925420761108398 2.3812255859375 4.165406227111816
28800.073447 0.6715588569641113 1.128133773803711 1.712043285369873 2.408315658569336 4.213205337524414
29100.068756 0.6791677474975586 1.1411309242248535 1.7315688133239746 2.4347009658813477 4.2615556716918945
29400.034838 0.6886663436889648 1.1570606231689453 1.7552356719970703 2.4671268463134766 4.316305637359619
29700.059684 0.6963086128234863 1.1700682640075684 1.7744669914245605 2.4938712120056152 4.364468574523926
30000.015303 0.7044963836669922 1.1839323043823242 1.7951579093933105 2.5217647552490234 4.4134626388549805
30300.009636 0.7128415107727051 1.198073387145996 1.8162899017333984 2.551020622253418 4.464394569396973
30600.040424 0.7213144302368164 1.2121191024780273 1.8373456001281738 2.5801830291748047 4.515712261199951
30900.028254 0.7283339500427246 1.2234950065612793 1.855194091796875 2.6063666343688965 4.565377235412598
31200.062929 0.7389893531799316 1.2408223152160645 1.88071870803833 2.6424150466918945 4.6318135261535645
31500.365908 0.7503204345703125 1.2598137855529785 1.907301902770996 2.678077220916748 4.698249816894531
31800.239118999998 0.7623581886291504 1.2789816856384277 1.9340338706970215 2.7146596908569336 4.7652788162231445
32100.294973 0.7731447219848633 1.296281337738037 1.9584035873413086 2.7490077018737793 4.824433326721191
32400.015111 0.7832164764404297 1.3131217956542969 1.982717514038086 2.7829809188842773 4.883501052856445
32700.023237 0.793677806854248 1.3307242393493652 2.007180690765381 2.8168234825134277 4.943018913269043
33000.080975000004 0.8035173416137695 1.3468728065490723 2.030982494354248 2.8503494262695312 5.0054545402526855
33300.027356 0.8136382102966309 1.363779067993164 2.055840492248535 2.884927272796631 5.071479797363281
33600.033065 0.823361873626709 1.380208969116211 2.0796589851379395 2.918527603149414 5.131760120391846
33900.010072000005 0.8332695960998535 1.396003246307373 2.1027917861938477 2.95090389251709 5.189599514007568
34200.008473 0.8417062759399414 1.4098243713378906 2.1223292350769043 2.978217601776123 5.238559246063232
34500.007978 0.8510112762451172 1.4252643585205078 2.1444077491760254 3.00946044921875 5.293496131896973
34800.004576 0.8602304458618164 1.44041109085083 2.1668314933776855 3.0420351028442383 5.357625484466553
35100.013105 0.8727126121520996 1.460007667541504 2.1947340965270996 3.0808868408203125 5.434529781341553
35400.01176 0.8833441734313965 1.4769401550292969 2.2186121940612793 3.11356782913208 5.493460178375244
35700.092993 0.8927783966064453 1.492605209350586 2.2413291931152344 3.1452627182006836 5.551350116729736
36000.135855 0.9027771949768066 1.5089492797851562 2.2648983001708984 3.178617000579834 5.611570835113525
36300.031220000004 0.912259578704834 1.5244693756103516 2.2871413230895996 3.2097487449645996 5.667194843292236
36600.000669 0.9218153953552246 1.5404043197631836 2.3103060722351074 3.2420592308044434 5.72523832321167
36900.137198000004 0.9308881759643555 1.5550122261047363 2.331357955932617 3.27213716506958 5.779411792755127
37200.071889000006 0.9395394325256348 1.5689940452575684 2.3518495559692383 3.301480293273926 5.8325724601745605
37500.400845000004 0.9489331245422363 1.5837187767028809 2.372737407684326 3.3307647705078125 5.884514808654785
37800.34256800001 0.9575161933898926 1.5974540710449219 2.393066883087158 3.3598766326904297 5.937440872192383
38100.16353400001 0.9664144515991211 1.6118130683898926 2.4142355918884277 3.3897929191589355 5.990156650543213
38400.000487000005 0.9752354621887207 1.6262168884277344 2.435380458831787 3.4200496673583984 6.043297290802002
38700.091082000006 0.984220027923584 1.6403636932373047 2.4563350677490234 3.44924259185791 6.097423553466797
39000.00193500001 0.9940662384033203 1.656358242034912 2.4791650772094727 3.480721950531006 6.1530938148498535
39300.073262000005 1.003382682800293 1.671922206878662 2.501537799835205 3.5128731727600098 6.213616371154785
39600.004695 1.013838291168213 1.6886773109436035 2.526026725769043 3.547227382659912 6.278001308441162
39900.052868 1.0242996215820312 1.7060861587524414 2.550703525543213 3.5808777809143066 6.342274188995361
40200.067238 1.0349745750427246 1.7230963706970215 2.5747194290161133 3.614839553833008 6.4032673835754395
40500.081779 1.0450177192687988 1.7393412590026855 2.597900390625 3.647644519805908 6.463284015655518
40800.006289000004 1.0555014610290527 1.7560291290283203 2.6221089363098145 3.6815290451049805 6.5254225730896
41100.146114 1.06585693359375 1.7730841636657715 2.645969867706299 3.7142858505249023 6.585933208465576
41400.049523 1.0738329887390137 1.7855567932128906 2.6643013954162598 3.7410941123962402 6.632882595062256
41700.000994 1.0824933052062988 1.8040380477905273 2.6922497749328613 3.7781472206115723 6.693286895751953
42000.090091000005 1.0898408889770508 1.816518783569336 2.711900234222412 3.8065242767333984 6.748723030090332
42300.1638 1.0976314544677734 1.8295235633850098 2.7308335304260254 3.835184097290039 6.801765441894531
42600.39580300001 1.1060047149658203 1.843092918395996 2.750728130340576 3.8645105361938477 6.854791164398193
42900.038994 1.114027500152588 1.8563671112060547 2.770434856414795 3.8923091888427734 6.904903888702393
43200.038281 1.1235003471374512 1.8718204498291016 2.7924156188964844 3.9232139587402344 6.96027946472168
43500.041405 1.132901668548584 1.88688325881958 2.8142690658569336 3.9539527893066406 7.012538909912109
43800.294712 1.1404991149902344 1.8991012573242188 2.8324570655822754 3.979501247406006 7.056183338165283
44100.29662100001 1.1469440460205078 1.9094786643981934 2.848785400390625 4.0033860206604 7.097169876098633
44400.259060000004 1.1532082557678223 1.9193124771118164 2.864346504211426 4.026020050048828 7.135109901428223
44700.115514000005 1.1593847274780273 1.9293694496154785 2.8799386024475098 4.0486249923706055 7.173939228057861
45000.723323000006 1.1661043167114258 1.939889907836914 2.895991325378418 4.071201801300049 7.213867664337158
45300.030701 1.1722841262817383 1.949887752532959 2.911344051361084 4.094130039215088 7.252213001251221
45600.059671 1.1790728569030762 1.9608430862426758 2.9277710914611816 4.118084907531738 7.2924957275390625
45900.054219000005 1.1849398612976074 1.9702448844909668 2.942692756652832 4.141110420227051 7.329741954803467
46200.05186300001 1.1915593147277832 1.980729103088379 2.958563804626465 4.164444923400879 7.369673728942871
46500.171607000004 1.1974048614501953 1.99053955078125 2.974083423614502 4.1880269050598145 7.4131245613098145
46800.02022900001 1.2036032676696777 2.000601291656494 2.989431381225586 4.21075439453125 7.451848030090332
47100.139545000005 1.2168707847595215 2.021045684814453 3.017162799835205 4.247589588165283 7.514599800109863
47400.29620700001 1.2235541343688965 2.032284736633301 3.0340309143066406 4.271325588226318 7.555768013000488
47700.28711200001 1.23256254196167 2.0470261573791504 3.054703712463379 4.3008713722229 7.605932235717773
48000.00862900001 1.2403464317321777 2.0600476264953613 3.073601722717285 4.32750129699707 7.6512885093688965
48300.18202100001 1.2474746704101562 2.0717315673828125 3.091350555419922 4.353214740753174 7.695002555847168
48600.00000900001 1.2546138763427734 2.083561420440674 3.1089468002319336 4.378907680511475 7.738706588745117
48900.05744500001 1.2626118659973145 2.0970664024353027 3.129047393798828 4.407470703125 7.78753662109375
49200.398252000006 1.2706074714660645 2.1102523803710938 3.148552894592285 4.435542106628418 7.835760593414307
49500.164627000006 1.2776622772216797 2.1213722229003906 3.165402412414551 4.459359169006348 7.877120494842529
49800.18508300001 1.284566879272461 2.132692813873291 3.182319164276123 4.483850955963135 7.918776512145996
50100.41915100001 1.2914772033691406 2.1443943977355957 3.1998534202575684 4.509463310241699 7.961802005767822
50400.18280300001 1.30009126663208 2.165675640106201 3.2307043075561523 4.548376560211182 8.021039009094238
50700.16902700001 1.3067588806152344 2.1767454147338867 3.2472481727600098 4.572085857391357 8.06116533279419
51000.29172900001 1.318314552307129 2.195399284362793 3.2726941108703613 4.607072830200195 8.122843265533447
51300.008577000015 1.3284993171691895 2.211726665496826 3.295779228210449 4.6389479637146 8.17903184890747
51600.17465100001 1.33711576461792 2.225353717803955 3.3161563873291016 4.667028427124023 8.228943347930908
51900.01208600001 1.3456287384033203 2.2441835403442383 3.3441853523254395 4.703462600708008 8.288604736328125
52200.26212600001 1.353471279144287 2.2568411827087402 3.362602710723877 4.730253219604492 8.336390018463135
52500.03598400001 1.3615055084228516 2.2696266174316406 3.3814516067504883 4.757042407989502 8.382508754730225
52800.07325500001 1.3683843612670898 2.2804431915283203 3.397376537322998 4.7800984382629395 8.4245285987854
53100.14185900001 1.3747262954711914 2.2906270027160645 3.4133853912353516 4.803452491760254 8.467394828796387
53400.00812100001 1.3806920051574707 2.3001174926757812 3.428375720977783 4.825301170349121 8.505459308624268
53700.10991900001 1.388345718383789 2.316519260406494 3.4523696899414062 4.856659889221191 8.555341243743896
54000.13325900001 1.3943510055541992 2.326155185699463 3.46781063079834 4.879132270812988 8.594108581542969
54300.086210000016 1.4003357887268066 2.335785388946533 3.4831743240356445 4.902196407318115 8.635792255401611
54600.08142500001 1.4064812660217285 2.345417022705078 3.4981541633605957 4.9242143630981445 8.674534797668457
54900.00443800001 1.412531852722168 2.3550190925598145 3.5131425857543945 4.946419715881348 8.711552143096924
55122.67264000001 1.4159884452819824 2.36049222946167 3.522542953491211 4.961942672729492 8.742892265319824
