0 0
300 32882143682.0
600 73022628953.0
900 140555191442.0
1200 175277082680.0
1500 226427839215.0
1800 263949824091.0
2100 303195781190.0
2400 360795141443.0
2700 404364134749.0
3000 449235998813.0
3300 503749908738.0
3600 549493228107.0
3900 621645840767.0
4200 657476408753.0
4500 699689127047.0
4800 733893144507.0
5100 769932632133.0
5400 814359173718.0
5700 847520770916.0
6000 878912756622.0
6300 940534510696.0
6600 978484812050.0
6900 1075604759745.0
7200 1251077953480.0
7500 1284791519658.0
7800 1505445722229.0
8100 1555872314490.0
8400 1594489134278.0
8700 1638703056516.0
9000 1686656644722.0
9300 1724152076629.0
9600 1764314060381.0
9900 1793936726900.0
10200 1823526389658.0
10500 1858814846379.0
10800 1886906091442.0
11100 1913110000185.0
11400 1961933316076.0
11700 1986111485542.0
12000 2017537343808.0
12300 2050913009585.0
12600 2082652752935.0
12900 2111714851687.0
13200 2151701003261.0
13500 2182229985515.0
13800 2214294675950.0
14100 2246817735902.0
14400 2276452696325.0
14700 2326732900160.0
15000 2366735017189.0
15300 2414438773634.0
15600 2450509692670.0
15900 2484462238198.0
16200 2519639205022.0
16500 2556773124550.0
16800 2597736692133.0
17100 2639095165161.0
17400 2671891042698.0
17700 2713862637443.0
18000 2759265089234.0
18300 2893753657193.0
18600 2947907887565.0
18900 3000188798676.0
19200 3058898654086.0
19500 3107921785700.0
19800 3144931909795.0
20100 3201488901069.0
20400 3258756198858.0
20700 3296491457956.0
21000 3341779226977.0
21300 3385192353405.0
21600 3431873253238.0
21900 3488823974766.0
22200 3529136855086.0
22500 3594596304238.0
22800 3731487904933.0
23100 3799731357258.0
23400 3848189841840.0
23700 3922661358807.0
24000 3985346347166.0
24300 4043776978106.0
24600 4110865176232.0
24900 4171717499593.0
25200 4228145400380.0
25500 4279619083346.0
25800 4357536867729.0
26100 4420587691804.0
26400 4494625419537.0
26700 4558776348315.0
27000 4614901974912.0
27300 4661155211884.0
27600 4755588480637.0
27900 4815015213071.0
28200 4866000406536.0
28500 4917265085012.0
28800 4966784969031.0
29100 5038912243110.0
29400 5091050223498.0
29700 5142461886322.0
30000 5221060020564.0
30300 5273638696065.0
30600 5313616348932.0
30900 5368766503416.0
31200 5419424357931.0
31500 5470837689919.0
31800 5521632886977.0
32100 5567376800298.0
32400 5614445292379.0
32700 5659822889245.0
33000 5718770634671.0
33300 5770719638570.0
33600 5815167409850.0
33900 5902875307734.0
34200 5946920008544.0
34500 5995677713855.0
34800 6057908178315.0
35100 6115647789840.0
35400 6171380571111.0
35700 6240938390089.0
36000 6301252316486.0
36300 6360434058641.0
36600 6405048973002.0
36900 6482236350436.0
37200 6536462618588.0
37500 6590371372545.0
37800 6646954391387.0
38100 6700356968504.0
38400 6744863602614.0
38700 6826549934077.0
39000 6877949542049.0
39300 6927888860005.0
39600 6987818941051.0
39900 7035565843115.0
40200 7084156604049.0
40500 7140791504441.0
40800 7200056803581.0
41100 7239699934109.0
41400 7290365117751.0
41700 7325512785694.0
42000 7371187422417.0
42300 7415712892085.0
42600 7464928592031.0
42900 7499360347236.0
43200 7560616398709.0
43500 7603614816473.0
43800 7644993511215.0
44100 7696607895748.0
44400 7745982494197.0
44700 7788044435389.0
45000 7828981338840.0
45300 7866302843607.0
45600 7914499692128.0
45900 7983317173548.0
46200 8022572969751.0
46500 8054582428423.0
46800 8103329029863.0
47100 8141560940336.0
47400 8181269784346.0
47700 8229335313640.0
48000 8266641511615.0
48300 8295618609588.0
48600 8347064444862.0
48900 8394093245596.0
49200 8437203237375.0
49500 8484805129245.0
49800 8524983076081.0
50100 8572863391772.0
50400 8628741335835.0
50700 8667019835324.0
51000 8721118954209.0
51300 8785614447727.0
51600 8829917954833.0
51900 8880329987784.0
52200 8932793029716.0
52500 8974169932711.0
52800 9011876060962.0
53100 9073631441988.0
53400 9121757521212.0
53700 9159234599445.0
54000 9215471436707.0
54300 9249500024242.0
54600 9296660366636.0
54900 9319995381871.0
55200 9346390563726.0
55500 9382429456934.0
55800 9404228817911.0
56100 9435195915267.0
56400 9498151565926.0
56700 9534028953753.0
57000 9561268769760.0
57300 9608278454890.0
57600 9643283738527.0
57900 9683716934163.0
58200 9719495806459.0
58500 9762408883772.0
58800 9815871333366.0
59100 9864189874193.0
59400 9919263307505.0
59700 9967285078180.0
60000 10022897096916.0
60300 10077869002257.0
60600 10139523662152.0
60900 10176178587381.0
61200 10223839603906.0
61500 10231803237461.0
