0 0
30 149223981920550.0
60 307940982473463.0
90 466808543675782.0
120 625227815883812.0
150 784069745675585.0
180 942536440964010.0
210 1100506056262888.0
240 1258653133162202.0
270 1418731837325139.0
300 1577724644802699.0
330 1737273362852592.0
360 1897317136284094.0
390 2035420996803651.0
420 2197007859208363.0
450 2358423920258247.0
480 2520841922087768.0
510 2682393221084745.0
540 2843800909334076.0
570 3004453926612711.0
600 3165524577327202.0
630 3326193176054945.0
660 3487949074956229.0
690 3649426157832505.0
720 3810088936771346.0
750 3960820745193791.0
780 4123566903545081.0
810 4284029725869502.0
840 4444969331480629.0
870 4606158176323454.0
900 4766950033580693.0
930 4928414614373614.0
960 5089930019242673.0
990 5251446751247569.0
1020 5412835752376895.0
1050 5574250863294621.0
1080 5735707352994932.0
1110 5875709438591767.0
1140 6038171613313777.0
1170 6201607781213063.0
1200 6364877399132701.0
1230 6528215812626716.0
1260 6691713032029706.0
1290 6854808320586251.0
1320 7016453973097066.0
1350 7178033341354729.0
1380 7339539277123496.0
1410 7501597956795547.0
1440 7664370234183467.0
1470 7826021756507381.0
1500 7981763263699640.0
1530 8144986325585614.0
1560 8308503289481170.0
1590 8473031851938844.0
1620 8638216223607394.0
1650 8802909333923290.0
1680 8967796690273446.0
1710 9132115487277290.0
1740 9295801001857832.0
1770 9460213955938436.0
1800 9624060310593016.0
1830 9787511035191110.0
1860 9925424767761302.0
1890 1.0089346073418694e+16
1920 1.0252698912333534e+16
1950 1.0416582798395158e+16
1980 1.0580571960356984e+16
2010 1.0744193386577072e+16
2040 1.0908096830622258e+16
2070 1.1072836914997586e+16
2100 1.123687820579582e+16
2130 1.1400962503517834e+16
2160 1.1564716457751414e+16
2190 1.172790477753045e+16
2220 1.1874945876743558e+16
2250 1.1874946573384336e+16
2280 1.1874946959464802e+16
2310 1.18749472282137e+16
2340 1.1874947361369698e+16
2370 1.1874947396469068e+16
2400 1.1877312770208424e+16
2430 1.1894411480761748e+16
2460 1.1953909150220012e+16
2490 1.210475985436348e+16
2520 1.2265676015698052e+16
2550 1.2418660632487492e+16
2580 1.2561471750970192e+16
2610 1.271396052605415e+16
2640 1.287420423233962e+16
2670 1.303087067106528e+16
2700 1.3185189211206264e+16
2730 1.3337761269940932e+16
2760 1.3488871111923768e+16
2790 1.3638336813609896e+16
2820 1.378778985710348e+16
2850 1.3935837445261228e+16
2880 1.4083617787868306e+16
2910 1.4230749366683564e+16
2940 1.4377667121281428e+16
2970 1.4530630052736696e+16
3000 1.4686060752597052e+16
3030 1.4840800401437484e+16
3060 1.4990897161220328e+16
3090 1.514395832413916e+16
3120 1.529873096516712e+16
3150 1.5451320913570478e+16
3180 1.5602271093309332e+16
3210 1.57536040786635e+16
3240 1.5905141195819068e+16
3270 1.60576088207271e+16
3300 1.6211756343118376e+16
3330 1.636698546847784e+16
3360 1.6519685420736608e+16
3390 1.6670853959018868e+16
3420 1.6825771344276412e+16
3450 1.6980165105366448e+16
3480 1.7132389080507676e+16
3510 1.72841863657276e+16
3540 1.7434779295018604e+16
3570 1.7585974727410244e+16
3600 1.773814348211438e+16
3630 1.7888015658708344e+16
3660 1.8042299024773296e+16
3690 1.819589385640646e+16
3720 1.8349657361361356e+16
3750 1.8502069949426124e+16
3780 1.8654013457016348e+16
3810 1.880512652760986e+16
3840 1.895685725015406e+16
3870 1.9109167523653436e+16
3900 1.9261010594192932e+16
3930 1.9413424284151476e+16
3960 1.9566306022173556e+16
3990 1.971850221908626e+16
4020 1.9871324874038244e+16
4050 2.0026231114423524e+16
4080 2.013793615493326e+16
4110 2.0137936286644972e+16
4140 2.0137936286644972e+16
4170 2.0137936556298372e+16
4200 2.0152948626195596e+16
4230 2.0244269184221492e+16
4260 2.037447132687898e+16
4290 2.0525900897559652e+16
4320 2.0672082693724148e+16
4350 2.0818147238581428e+16
4380 2.0966990033147276e+16
4410 2.1114923165673068e+16
4440 2.126094615374574e+16
4470 2.1408873139636532e+16
4500 2.1521118317160132e+16
4530 2.1659946010275972e+16
4560 2.1811443802258828e+16
4590 2.1962339861811196e+16
4620 2.2109737334713956e+16
4650 2.2258548751310132e+16
4680 2.2408681983273772e+16
4710 2.2557859589154012e+16
4740 2.2704886235488564e+16
4770 2.2853031279920068e+16
4800 2.294442189412498e+16
4830 2.305403215649358e+16
4860 2.3204279032971252e+16
4890 2.3352964618525132e+16
4920 2.3488591628125916e+16
4950 2.363729393865662e+16
4980 2.3789025079287292e+16
5010 2.393855129432354e+16
5040 2.4020038286649132e+16
5070 2.4162009464328564e+16
5100 2.4310328223141316e+16
5130 2.44626646024891e+16
5160 2.4616191138509628e+16
5190 2.4694962796225716e+16
5220 2.483695251903178e+16
5250 2.4984739906748436e+16
5280 2.5134311466372924e+16
5310 2.5283830583129956e+16
5340 2.5433667813839084e+16
5370 2.5581146634306804e+16
5400 2.5697680568414652e+16
