0 0
30 76779413442999.0
60 162197690344257.0
90 254368167016977.0
120 351094899582558.0
150 452524247688628.0
180 556942663100509.0
210 665115515274927.0
240 775252340404555.0
270 890715164914649.0
300 1012591733777653.0
330 1137071645927154.0
360 1263292398701964.0
390 1392235157217643.0
420 1523396213270262.0
450 1656682276538802.0
480 1792402725151264.0
510 1929458311615311.0
540 2066425851490455.0
570 2204419665030575.0
600 2342990932827410.0
630 2453255922251384.0
660 2592491137901262.0
690 2732375131902363.0
720 2870466414125229.0
750 3004761724919319.0
780 3131678827777252.0
810 3259948764329921.0
840 3384566856221155.0
870 3508454150481991.0
900 3630230723935151.0
930 3752848956529923.0
960 3876192094038338.0
990 3999992447350055.0
1020 4121161058641099.0
1050 4244079955140907.0
1080 4365974051601836.0
1110 4486534867303561.0
1140 4607884652088430.0
1170 4729316464513346.0
1200 4850123668164706.0
1230 4971557848079911.0
1260 5092629571626862.0
1290 5213546668188838.0
1320 5335121180673403.0
1350 5457462560117709.0
1380 5578549805469403.0
1410 5699774096479998.0
1440 5819320903457803.0
1470 5908843663450668.0
1500 6046426920209239.0
1530 6184690758728221.0
1560 6320559569147840.0
1590 6458036382319755.0
1620 6595018253758808.0
1650 6730907252115592.0
1680 6867026469413464.0
1710 7003314535003357.0
1740 7139723525861296.0
1770 7276947697141573.0
1800 7413231765155141.0
1830 7550575045436144.0
1860 7685401269758186.0
1890 7820845605855100.0
1920 7956198284021074.0
1950 8093278349871889.0
1980 8228424452351610.0
2010 8364569220733436.0
2040 8500420657911848.0
2070 8635956642245713.0
2100 8771302034299737.0
2130 8907199477547503.0
2160 9043572555630372.0
2190 9178786644857340.0
2220 9314804821401048.0
2250 9450304700544296.0
2280 9586306084344288.0
2310 9719336149941984.0
2340 9854313764745744.0
2370 9990027811077892.0
2400 1.0125041148708104e+16
2430 1.0260531435743492e+16
2460 1.0395917844921272e+16
2490 1.0521860798611578e+16
2520 1.066082213737319e+16
2550 1.0798810778434186e+16
2580 1.093550982349787e+16
2610 1.1071235143276506e+16
2640 1.1206376741595216e+16
2670 1.1342732249334914e+16
2700 1.147794104670765e+16
2730 1.1612110659469188e+16
2760 1.1747762379024368e+16
2790 1.1883754692674964e+16
2820 1.2019847369408092e+16
2850 1.2154478569538754e+16
2880 1.2289989890418768e+16
2910 1.2425391663385528e+16
2940 1.2559620742862696e+16
2970 1.2693730229359764e+16
3000 1.2829346384322312e+16
3030 1.2965822317977782e+16
3060 1.3101950786794396e+16
3090 1.323867078865977e+16
3120 1.337454226791677e+16
3150 1.35106363456568e+16
3180 1.3645899096499914e+16
3210 1.3781495730745966e+16
3240 1.3917514518423034e+16
3270 1.4052370442812576e+16
3300 1.4187616516558588e+16
3330 1.4320255052690028e+16
3360 1.4454079378384256e+16
3390 1.4590649403344892e+16
3420 1.472688755697578e+16
3450 1.48618639035752e+16
3480 1.499636552028808e+16
3510 1.51320184660757e+16
3540 1.5268303462030212e+16
3570 1.5404863281900376e+16
3600 1.5540375610934992e+16
3630 1.5676563960086664e+16
3660 1.5813577088650832e+16
3690 1.5949830040274116e+16
3720 1.6085281162858016e+16
3750 1.6220472354831192e+16
3780 1.6354223297658404e+16
3810 1.6489365166022708e+16
3840 1.662463204237224e+16
3870 1.676003245319468e+16
3900 1.6798344033270412e+16
3930 1.6798729270556672e+16
3960 1.6799210222946784e+16
3990 1.6799523202877984e+16
4020 1.6800337740225896e+16
4050 1.6801070189042268e+16
4080 1.6924165934037788e+16
4110 1.6982193054582528e+16
4140 1.69821931057929e+16
4170 1.6982195999831116e+16
4200 1.698219600476082e+16
4230 1.6982200569440108e+16
4260 1.698220063591794e+16
4290 1.698220527887512e+16
4320 1.6982205319723416e+16
4350 1.6982209813202148e+16
4380 1.6982209818131852e+16
4410 1.6982214311610584e+16
4440 1.6982214316540288e+16
4470 1.6982218941507076e+16
4500 1.698221897380502e+16
4530 1.6982223478061536e+16
4560 1.6982238945391606e+16
