0 0
300 7965073058144.0
600 17278674564052.0
900 28134401157619.0
1200 39105447982857.0
1500 48326628242188.0
1800 58939704537961.0
2100 69871479130092.0
2400 80170245812734.0
2700 89134979666270.0
3000 98902918990709.0
3300 108948236618518.0
3600 121532046387521.0
3900 133200795097834.0
4200 144253650143537.0
4500 157464951065213.0
4800 169305791974005.0
5100 183236594059183.0
5400 194379721410107.0
5700 208994887568343.0
6000 225589544012789.0
6300 259481235088517.0
6600 281611539099931.0
6900 306059151362088.0
7200 324551259288037.0
7500 352152099969660.0
7800 370585613270162.0
8100 398740504851461.0
8400 496854220605619.0
8700 649522048760694.0
9000 920354871905503.0
9300 1147135087153276.0
9600 1460826384950289.0
9900 1607550294557417.0
10200 1635354975552081.0
10500 1661106016497790.0
10800 1679341527869093.0
11100 1701341989010349.0
11400 1762398915417939.0
11700 1816170151181106.0
12000 1856540575221309.0
12300 1887563846967329.0
12600 1912629390043662.0
12900 1939221208386033.0
13200 1958346618323638.0
13500 2011594901971511.0
13800 2040037913391508.0
14100 2059655904777982.0
14400 2077671185854773.0
14700 2102870134366095.0
15000 2117715363786378.0
15300 2135956146753695.0
15600 2146006153986932.0
15900 2156187828239707.0
16200 2166508269460702.0
16500 2176296166017554.0
16800 2185907780846993.0
17100 2202089824875994.0
17400 2228462838375452.0
17700 2448618787555441.0
18000 2797608258521725.0
18300 2823546806377251.0
18600 2890893183906025.0
18900 2908607138136606.0
19200 2931960849689393.0
19500 2946690969862324.0
19800 2960754658830595.0
20100 2970414829830138.0
20400 2977588339496663.0
20700 2984314926005085.0
21000 2991247811519932.0
21300 3000413063873874.0
21600 3023834356282884.0
21900 3065552801579727.0
22200 3205789879769910.0
22500 3360303225483173.0
22800 3396275762218457.0
23100 3453034758205112.0
23400 3468036011485869.0
23700 3479020847465470.0
24000 3489767305141329.0
24300 3500412839995308.0
24600 3527123146520054.0
24900 3539896441777609.0
25200 3554453085818755.0
25500 3567556053889434.0
25800 3596228681343944.0
26100 3613889581154297.0
26400 3630452888414190.0
26700 3642898013283441.0
27000 3669745720286774.0
27300 3703756331714738.0
27600 3716605755991105.0
27900 3735090511297616.0
28200 3780475510540575.0
28500 3803735903407119.0
28800 3839288362055267.0
29100 3855888331549003.0
29400 3894364825183116.0
29700 3915641032057975.0
30000 3947360739013893.0
30300 4086912430574156.0
30600 4273067073945735.0
30900 4336353786047769.0
31200 4479835261001696.0
31500 4865328955660716.0
31800 4892778218568903.0
32100 4918336383440400.0
32400 4937273714132799.0
32700 4958835350783337.0
33000 5355792025628636.0
33300 5381709900239231.0
33600 5406462998554678.0
33900 5424663891168067.0
34200 5445849085226193.0
34500 5457645887348924.0
34800 5476863639518192.0
35100 5493943832013829.0
35400 5513897025841051.0
35700 5554253097704766.0
36000 5566117239336839.0
36300 5575866960248612.0
36600 5584165367439556.0
36900 5593802422128870.0
37200 5603291041957452.0
37500 5614117591782808.0
37800 5625428553072611.0
38100 5631697529943685.0
38400 5638476786065942.0
38700 5647376997282243.0
39000 5772645251078764.0
39300 5988200095635190.0
39600 6640097571916075.0
39900 7108242747435157.0
40200 7124464585241806.0
40500 7138310119156503.0
40800 7196857105562091.0
41100 7210950524868784.0
41400 7227789581989033.0
41700 7235045707087208.0
42000 7239530022939280.0
42300 7244483925927944.0
42600 7250065830682511.0
42900 7257882161866817.0
43200 7264789487011205.0
43500 7271990045481499.0
43800 7531624414694413.0
44100 7568004585247936.0
44400 7910896155043406.0
44700 7927759582174791.0
45000 7933039939864363.0
45300 7941438889450590.0
45600 7947319512413969.0
45900 7961084246712610.0
46200 7969137607493566.0
46500 7978000247927498.0
46800 7984282024353418.0
47100 7990448373549672.0
47400 8000360879466372.0
47700 8011566071128059.0
48000 8025707414563859.0
48300 8041191349532266.0
48600 8277338986743702.0
48900 8310761272185566.0
49200 8339079659971587.0
49500 8347133701835840.0
49800 8354643677222739.0
50100 8360946542535746.0
50400 8366719530880873.0
50700 8374697373670172.0
51000 8389247961638307.0
51300 8401876271859799.0
51600 8416875647798055.0
51900 8440624567505810.0
52200 8449474671452002.0
52500 8461158199314917.0
52800 8471139554350066.0
53100 8495822129504498.0
53400 8543734729748966.0
53700 8573148974829104.0
54000 8586238381392841.0
54300 8625115702690245.0
54600 8684471038540671.0
54900 8690321837073039.0
55200 8696393431386232.0
55500 8703376398537896.0
55800 8724276925216834.0
56100 9316864539413676.0
56400 9346794290539424.0
56700 9366107983924816.0
57000 9418817598626896.0
57300 9437412303283952.0
57600 9872494479025756.0
57900 1.0623735485977052e+16
58200 1.08971262105793e+16
58500 1.1723612495167026e+16
58800 1.2055765286352112e+16
59100 1.2063196083010796e+16
59400 1.20774904956899e+16
59700 1.2242208075117384e+16
60000 1.2253933420217868e+16
60300 1.2259369747733048e+16
60600 1.2282889683348952e+16
60900 1.2356130108902886e+16
61200 1.2401030197915504e+16
61500 1.2474382304131802e+16
61800 1.2516702995566524e+16
62100 1.2652721982305214e+16
62400 1.2698383968795356e+16
62700 1.2888908120602674e+16
63000 1.292360204276382e+16
63300 1.3089331903855796e+16
63600 1.312610591905512e+16
63900 1.3131644007694326e+16
64200 1.3146221749636756e+16
64500 1.3154171190259582e+16
64800 1.3158104891429404e+16
65100 1.3171978089859728e+16
65400 1.3181399647452682e+16
65700 1.318865735219113e+16
66000 1.3194162832909166e+16
66300 1.3199200527713584e+16
66600 1.3206778534501474e+16
66900 1.3218019106119644e+16
67200 1.323655857455932e+16
67500 1.34665024061645e+16
67800 1.3549192230753488e+16
68100 1.3991028422367518e+16
68400 1.4108400038857216e+16
68700 1.4130145853968088e+16
69000 1.4157159593879092e+16
69300 1.4177512150339268e+16
69600 1.4200168742269596e+16
69900 1.4213515224910376e+16
70200 1.4233732409862208e+16
70500 1.4247548903980074e+16
70800 1.4279491765497488e+16
71100 1.432245251896892e+16
71400 1.4390520371311816e+16
71700 1.441371116765456e+16
72000 1.446943767759636e+16
72300 1.4783615400424232e+16
72600 1.5196191254913936e+16
72900 1.6037450766814858e+16
73200 1.6326215251344194e+16
73500 1.653549143266656e+16
73800 1.6826547841767724e+16
74100 1.6925859315581942e+16
74400 1.7120086604937552e+16
74700 1.7153172843059086e+16
75000 1.7293839606240304e+16
75300 1.7769206344172768e+16
75600 1.796103848652608e+16
75900 1.812063277199586e+16
76200 1.81421203128823e+16
76500 1.818175351799347e+16
76800 1.841083205637061e+16
77100 1.8761121324949228e+16
77400 1.9575495094787988e+16
77700 2.0223601253446132e+16
78000 2.065762528587037e+16
78300 2.117551955360412e+16
78600 2.135946336771547e+16
78900 2.138792813924455e+16
79200 2.142424196522605e+16
79500 2.144434356184025e+16
79800 2.1659401868045196e+16
80100 2.169932277936396e+16
80400 2.186506968001569e+16
80700 2.202523606890536e+16
81000 2.209296268838583e+16
81300 2.221300089404759e+16
81600 2.2488743916698984e+16
81900 2.2513930711525148e+16
82200 2.3004921378761828e+16
82500 2.370299268166794e+16
82800 2.3914729501997344e+16
83100 2.4212875902515064e+16
83400 2.4304434507058224e+16
83700 2.4315780921339468e+16
84000 2.433158754997329e+16
84300 2.4343334668613948e+16
84600 2.439323499063106e+16
84900 2.4409372381643416e+16
85200 2.442466427308821e+16
85500 2.443472115164052e+16
85800 2.4480060819926596e+16
86100 2.4490014032150452e+16
86400 2.450942209906982e+16
86700 2.4515526227801564e+16
