0 0
300 123564812135.0
600 213848206461.0
900 285118443086.0
1200 355318377889.0
1500 417137680574.0
1800 479101032230.0
2100 549415260389.0
2400 605237581619.0
2700 668213190525.0
3000 737377333753.0
3300 794732293352.0
3600 849432339269.0
3900 921006848367.0
4200 979538658597.0
4500 1039634787107.0
4800 1101624076628.0
5100 1159524405313.0
5400 1221471946171.0
5700 1290197549879.0
6000 1344531260685.0
6300 1401145043768.0
6600 1467319317983.0
6900 1523035162164.0
7200 1574388912526.0
7500 1634897799829.0
7800 1685387656439.0
8100 1739982261938.0
8400 1798399235478.0
8700 1850366858998.0
9000 1905427170561.0
9300 1970269889903.0
9600 2022669969963.0
9900 2077807775260.0
10200 2140784379608.0
10500 2194691127895.0
10800 2246530682307.0
11100 2346631312239.0
11400 2404135914527.0
11700 2463979190504.0
12000 2526960022056.0
12300 2582299586969.0
12600 2645736271941.0
12900 2704580494863.0
13200 2757530832682.0
13500 2812804393991.0
13800 2879228880783.0
14100 2933518445173.0
14400 2980353967841.0
14700 3036180171991.0
15000 3086064153783.0
15300 3139289213195.0
15600 3192078178467.0
15900 3243799711500.0
16200 3296947235976.0
16500 3351735756125.0
16800 3399315819251.0
17100 3456724466177.0
17400 3513823762320.0
17700 3567684732050.0
18000 3614452552128.0
18300 3670498675404.0
18600 3718024842481.0
18900 3771728148029.0
19200 3821765194693.0
19500 3871191122766.0
19800 3918450067271.0
20100 3972095601687.0
20400 4018231543618.0
20700 4069956466410.0
21000 4121153128063.0
21300 4170104588409.0
21600 4212861784938.0
21900 4270786038029.0
22200 4317294570884.0
22500 4369597757675.0
22800 4423058397703.0
23100 4471771065034.0
23400 4519604658205.0
23700 4579721116020.0
24000 4627826480762.0
24300 4681777081717.0
24600 4733807062800.0
24900 4783527099420.0
25200 4826139515553.0
25500 4878458366964.0
25800 4924357769765.0
26100 4973375728607.0
26400 5023929833120.0
26700 5073084495985.0
27000 5121346625861.0
27300 5179291501441.0
27600 5224089038674.0
27900 5278630632707.0
28200 5332633069617.0
28500 5387796804376.0
28800 5437025329813.0
29100 5498751609211.0
29400 5550377688964.0
29700 5606147265734.0
30000 5658896595675.0
30300 5711875158072.0
30600 5766140930867.0
30900 5821724013843.0
31200 5874252407770.0
31500 5932315805664.0
31800 5987591016201.0
32100 6042687196411.0
32400 6095237324333.0
32700 6151861102561.0
33000 6210782453039.0
33300 6266023382045.0
33600 6322599663523.0
33900 6376907318669.0
34200 6437678063263.0
34500 6496445687710.0
34800 6549714891138.0
35100 6614180167593.0
35400 6675488277622.0
35700 6730478850071.0
36000 6785327568051.0
36300 6844573879963.0
36600 6901966659854.0
36900 6962988041459.0
37200 7023502826695.0
37500 7082462805966.0
37800 7142754227662.0
38100 7205903951323.0
38400 7262082183813.0
38700 7326536344145.0
39000 7400896799021.0
39300 7459794116670.0
39600 7519517492345.0
39900 7578774603362.0
40200 7639957372486.0
40500 7701049101226.0
40800 7764893240606.0
41100 7822932046866.0
41400 7887574229424.0
41700 7952302911401.0
42000 8011319430038.0
42300 8076672390975.0
42600 8144414602814.0
42900 8205386913573.0
43200 8265085126437.0
43500 8323521591546.0
43800 8380947266425.0
44100 8446990643408.0
44400 8507960103553.0
44700 8566436765298.0
45000 8628767096278.0
45300 8691742785009.0
45600 8750682380236.0
45900 8828320425196.0
46200 8890084304786.0
46500 8949140768814.0
46800 9008006514874.0
47100 9072994290496.0
47400 9139132888591.0
47700 9206628575606.0
48000 9270428682799.0
48300 9330834123279.0
48600 9396562083775.0
48900 9459191493134.0
49200 9515227072350.0
49500 9586726185342.0
49800 9648313048569.0
50100 9706795185528.0
50400 9767304790382.0
50700 9831731050755.0
51000 9892693748636.0
51300 9955546482898.0
51600 10024077617851.0
51900 10099730816222.0
52200 10686991999446.0
52500 10951889292623.0
52800 11024985818325.0
53100 11106140422956.0
53400 11173555250384.0
53700 11262407039045.0
54000 11323768873173.0
54300 11390184283661.0
54600 11452328666872.0
54900 11523261080404.0
55200 11588316577651.0
55500 11643678264295.0
55800 11710737284689.0
56100 11777268311289.0
56400 11838186175385.0
56700 11909148837546.0
57000 11970730977076.0
57300 12037732616318.0
57600 12101699293184.0
57900 12170376712018.0
58200 12233731788996.0
58500 12297392343769.0
58800 12360952591551.0
59100 12423161268482.0
59400 12495838251400.0
59700 12565037237571.0
60000 12626897567408.0
60300 12701721984059.0
60600 12762427006330.0
60900 12826062982401.0
61200 12894619075031.0
61500 12964402639904.0
61800 13029700415676.0
62100 13101027749461.0
62400 13170202575580.0
62700 13233108980372.0
63000 13300595670343.0
63300 13371642013133.0
63600 13433556034556.0
63900 13510775873273.0
64200 13573680916800.0
64500 13641603174807.0
64800 13706173633286.0
65100 13780057132169.0
65400 13849343499491.0
65700 13918649138312.0
66000 13984002016091.0
66300 14048000930915.0
66600 14118708288325.0
66900 14192654499256.0
67200 14272633093918.0
67500 14348383975197.0
67800 14412869021279.0
68100 14477860063669.0
68400 14542980321034.0
68700 14613941074559.0
69000 14677704251840.0
69300 14745643152489.0
69600 14812575017863.0
69900 14873961557913.0
70200 14939412814009.0
70500 15008937241138.0
70800 15070521780227.0
71100 15158369381345.0
71400 15227593531746.0
71700 15306235712958.0
72000 15378542369970.0
72300 15451007822821.0
72600 15519460022252.0
72900 15588649055692.0
73200 15658258010199.0
73500 15718509205600.0
73800 15789708739320.0
74100 15856924566923.0
74400 15920862120882.0
74700 15993348587612.0
75000 16058370622756.0
75300 16128333885252.0
75600 16202360153563.0
75900 16279384253936.0
76200 16352412836943.0
76500 16422346618780.0
76800 16492688658666.0
77100 16555679386709.0
77400 16627191061873.0
77700 16700759799774.0
78000 16763703869739.0
78300 16846562400787.0
78600 16911880199198.0
78900 16973091637553.0
79200 17040807416877.0
79500 17114118859872.0
79800 17184476985333.0
80100 17254978191002.0
80400 17324061877529.0
80700 17390020307525.0
81000 17468783706220.0
81300 17539011745805.0
81600 17600977107287.0
81900 17675424225284.0
82200 17743038431829.0
82500 17806931246502.0
82800 17878394658377.0
83100 17950014377985.0
83400 18021950928494.0
83700 18092588130083.0
84000 18171773371813.0
84300 18235543500112.0
84600 18307488192067.0
84900 18371964584516.0
85200 18437433734511.0
85500 18513389111136.0
85800 18572604231909.0
86100 18631592593211.0
86400 18704381157771.0
86700 18732923151444.0
