0 0
300 83656787161.0
600 151263940357.0
900 230523978079.0
1200 297966159103.0
1500 366270049811.0
1800 426423923610.0
2100 507981297705.0
2400 579415255531.0
2700 648344104910.0
3000 716265068160.0
3300 798112170807.0
3600 863994208085.0
3900 939199709294.0
4200 1001753464019.0
4500 1066981892784.0
4800 1145951017698.0
5100 1212955594698.0
5400 1278316088225.0
5700 1345037933358.0
6000 1409966316565.0
6300 1486841102180.0
6600 1553799538981.0
6900 1631548448514.0
7200 1699741228720.0
7500 1770233826620.0
7800 1830056626277.0
8100 1892775413032.0
8400 1959622620080.0
8700 2031153912167.0
9000 2102055867456.0
9300 2168960568644.0
9600 2232023346653.0
9900 2295105220513.0
10200 2369588335785.0
10500 2452403812814.0
10800 2530110010455.0
11100 2601681174289.0
11400 2672798292138.0
11700 2731945117594.0
12000 2786321679620.0
12300 2864103152318.0
12600 2936608088826.0
12900 3009048763923.0
13200 3077854350396.0
13500 3144681178371.0
13800 3208963708886.0
14100 3287009187354.0
14400 3355190312409.0
14700 3422914838505.0
15000 3491951208745.0
15300 3559746748314.0
15600 3622173513650.0
15900 3687650038826.0
16200 3748511053709.0
16500 3835115493064.0
16800 3901847416376.0
17100 3971897134793.0
17400 4035451668836.0
17700 4108401010620.0
18000 4175240195629.0
18300 4240567978655.0
18600 4304209770241.0
18900 4370898509994.0
19200 4435299770368.0
19500 4499961142249.0
19800 4553839446484.0
20100 4613873777010.0
20400 4674185626522.0
20700 4726647830723.0
21000 4793365742520.0
21300 4855285812925.0
21600 4910311204891.0
21900 4977690721248.0
22200 5029733615872.0
22500 5083263344893.0
22800 5137913834737.0
23100 5195814125290.0
23400 5248545314527.0
23700 5308942266241.0
24000 5362696075735.0
24300 5417118257142.0
24600 5464901380505.0
24900 5529423390471.0
25200 5587914397790.0
25500 5641037633662.0
25800 5693665108162.0
26100 5745612059299.0
26400 5801517619652.0
26700 5856093883004.0
27000 5910959000697.0
27300 5963981017811.0
27600 6017122162857.0
27900 6062215306133.0
28200 6118516389555.0
28500 6178810358510.0
28800 6233467535181.0
29100 6293072783450.0
29400 6343641347083.0
29700 6400937852169.0
30000 6458547067774.0
30300 6511439093186.0
30600 6574191634836.0
30900 6626312294421.0
31200 6691687119206.0
31500 6746877326675.0
31800 6805045446306.0
32100 6870727762338.0
32400 6928603430725.0
32700 6987186465288.0
33000 7043545921320.0
33300 7099467522458.0
33600 7156035782961.0
33900 7221383955463.0
34200 7286151899065.0
34500 7348638724752.0
34800 7412101503916.0
35100 7476043890510.0
35400 7540947271118.0
35700 7614494195543.0
36000 7689608201610.0
36300 7756266771286.0
36600 7818818802843.0
36900 7886917366018.0
37200 7954286055452.0
37500 8030270884261.0
37800 8106001541025.0
38100 8176407361300.0
38400 8257373695206.0
38700 8332148533763.0
39000 8402858388327.0
39300 8475871815161.0
39600 8541760589659.0
39900 8616705484902.0
40200 8685554781845.0
40500 8756703651862.0
40800 8828271128905.0
41100 8894675878872.0
41400 8969427768838.0
41700 9042492914238.0
42000 9109611595572.0
42300 9174088488500.0
42600 9252010897304.0
42900 9331239764579.0
43200 9394169929832.0
43500 9461563779441.0
43800 9527222383746.0
44100 9589622035193.0
44400 9659600303645.0
44700 9746028758751.0
45000 9815886646282.0
45300 9881282538083.0
45600 9939002788178.0
45900 10002470346605.0
46200 10072841054241.0
46500 10147415136659.0
46800 10213878032765.0
47100 10282433706319.0
47400 10345437918164.0
47700 10410902571690.0
48000 10485010667119.0
48300 10550448513543.0
48600 10619280182690.0
48900 10689232248270.0
49200 10756176950854.0
49500 10822914662044.0
49800 10903432888137.0
50100 10975310090335.0
50400 11041697606525.0
50700 11119852962190.0
51000 11183714540295.0
51300 11259142883482.0
51600 11455331689194.0
51900 11531312040155.0
52200 11604501418514.0
52500 11679316171259.0
52800 11753684932217.0
53100 11822500225651.0
53400 11908204116607.0
53700 11976398709802.0
54000 12046554513041.0
54300 12119476575502.0
54600 12192078146226.0
54900 12263416223873.0
55200 12345534907110.0
55500 12421612962239.0
55800 12488565180097.0
56100 12577652824359.0
56400 12647079487743.0
56700 12721027586500.0
57000 12792464471528.0
57300 12867272944931.0
57600 12933102548568.0
57900 13004343569494.0
58200 13079318791915.0
58500 13148823092851.0
58800 13224051133359.0
59100 13291910509163.0
59400 13376970334336.0
59700 13451069508561.0
60000 13514850761373.0
60300 13584272224320.0
60600 13669218234249.0
60900 13740917594986.0
61200 13808469579116.0
61500 13885105535196.0
61800 13963561814811.0
62100 14033751994529.0
62400 14104458848874.0
62700 14172949181175.0
63000 14258713033663.0
63300 14332135098347.0
63600 14403475192653.0
63900 14482909923170.0
64200 14565766679240.0
64500 14652203105622.0
64800 14720919714643.0
65100 14793296645717.0
65400 14869216146408.0
65700 14935006409108.0
66000 15009552748460.0
66300 15088800601389.0
66600 15162973892453.0
66900 15235423651165.0
67200 15307175473748.0
67500 15392138125805.0
67800 15486136341380.0
68100 15567078775220.0
68400 15638329046741.0
68700 15709656147250.0
69000 15790380268143.0
69300 15857820700447.0
69600 15936358769957.0
69900 16018231792439.0
70200 16090449824691.0
70500 16159798022751.0
70800 16236061211797.0
71100 16325173326409.0
71400 16405162724656.0
71700 16478751619353.0
72000 16551882339968.0
72300 16617503949248.0
72600 16697242817845.0
72900 16766735944940.0
73200 16840311271126.0
73500 16921141728966.0
73800 16991568552727.0
74100 17061856664601.0
74400 17127999141062.0
74700 17207029268681.0
75000 17291013879053.0
75300 17366118854795.0
75600 17440789337657.0
75900 17520968067752.0
76200 17600218175552.0
76500 17672431703145.0
76800 17741166201325.0
77100 17820085515305.0
77400 17902373495556.0
77700 17969799662332.0
78000 18039960729226.0
78300 18122692461940.0
78600 18198779791548.0
78900 18269545639850.0
79200 18337166404274.0
79500 18405689200659.0
79800 18486469839031.0
80100 18555591204316.0
80400 18628422168230.0
80700 18700305545219.0
81000 18772479594043.0
81300 18846040193523.0
81600 18917922301883.0
81900 18999388603856.0
82200 19082318039331.0
82500 19161799109219.0
82800 19236812807856.0
83100 19314927633489.0
83400 19394357250726.0
83700 19475305136518.0
84000 19548164888752.0
84300 19623069682122.0
84600 19701270664758.0
84900 19770807455740.0
85200 19834444433154.0
85500 19900809387559.0
85800 19981608017491.0
86100 20058096705257.0
86400 20126826596162.0
86700 20155683460003.0
