0 0
300 25022035827093.0
600 49528528488574.0
900 73299872616542.0
1200 96065149977574.0
1500 120892878453374.0
1800 145189207531597.0
2100 167063313834511.0
2400 188078104249702.0
2700 211611731006945.0
3000 231897031597385.0
3300 253325632139624.0
3600 273982597786905.0
3900 294862769477608.0
4200 316961866080909.0
4500 339392966698068.0
4800 361451589457434.0
5100 383689009777298.0
5400 404188124186667.0
5700 424356071881600.0
6000 445724399641150.0
6300 466624114835346.0
6600 487916600368123.0
6900 508099027499665.0
7200 528226869899453.0
7500 547578384254780.0
7800 566629818405179.0
8100 586149005238909.0
8400 604870174682951.0
8700 623296803557202.0
9000 644764985382450.0
9300 662814877501568.0
9600 679986958834198.0
9900 696716088821792.0
10200 712997579231591.0
10500 730059332468013.0
10800 747463304651530.0
11100 760797607709163.0
11400 776446964052020.0
11700 791342468043542.0
12000 805277580406455.0
12300 819996571805814.0
12600 834054146731573.0
12900 850051200363110.0
13200 863235910338873.0
13500 875902245678446.0
13800 887192261330451.0
14100 900123969063220.0
14400 911497825309416.0
14700 923125512717388.0
15000 934177049303606.0
15300 945173748537991.0
15600 957811360455496.0
15900 969477174564930.0
16200 980211527498282.0
16500 989693664864349.0
16800 1000220464426351.0
17100 1010874654031628.0
17400 1021128597078339.0
17700 1030938964997066.0
18000 1039399056959458.0
18300 1050232959940193.0
18600 1058493552239533.0
18900 1067502860955887.0
19200 1077614734041953.0
19500 1087801009532419.0
19800 1098468651240631.0
20100 1109271086607348.0
20400 1120083838927722.0
20700 1130799984870830.0
21000 1141017630525740.0
21300 1149411577958625.0
21600 1157856175696188.0
21900 1167012235922613.0
22200 1175757146538494.0
22500 1184689334207627.0
22800 1194897897637550.0
23100 1204656480456807.0
23400 1214027276032822.0
23700 1222716153940185.0
24000 1231116373178152.0
24300 1240683423949885.0
24600 1249843605033605.0
24900 1258443348156393.0
25200 1266974127024978.0
25500 1276029918630449.0
25800 1285429504597208.0
26100 1294811797687227.0
26400 1303558449308687.0
26700 1313001192893812.0
27000 1321538617297760.0
27300 1331386330073859.0
27600 1339837935140500.0
27900 1350876347191211.0
28200 1362476182584632.0
28500 1381613452159980.0
28800 1395865322015278.0
29100 1404289458534181.0
29400 1412729177244749.0
29700 1421006825697551.0
30000 1431019762954879.0
30300 1440170334522575.0
30600 1449266644640566.0
30900 1457554592934021.0
31200 1465930114718548.0
31500 1474616136512600.0
31800 1483428312205012.0
32100 1491841182825005.0
32400 1500001151119345.0
32700 1507914550481456.0
33000 1515053149646392.0
33300 1523164802163038.0
33600 1536157745991185.0
33900 1552605291220812.0
34200 1562129604075362.0
34500 1570255115669929.0
34800 1578231567271994.0
35100 1585886683929062.0
35400 1593791961674353.0
35700 1602261359934731.0
36000 1609882668329709.0
36300 1616350781620693.0
36600 1622994344660493.0
36900 1630842181752468.0
37200 1637895070249120.0
37500 1646126622027774.0
37800 1655063467765068.0
38100 1661488277972222.0
38400 1668483841738505.0
38700 1676479064482516.0
39000 1683529934735348.0
39300 1690414280336405.0
39600 1698807911199832.0
39900 1705361739634789.0
40200 1712158647810178.0
40500 1719258765039275.0
40800 1727189257477073.0
41100 1734387097189299.0
41400 1741866629620575.0
41700 1749173177343491.0
42000 1755990243724507.0
42300 1763532983349655.0
42600 1769744894024099.0
42900 1776195744165042.0
43200 1782342098736966.0
43500 1789508436229228.0
43800 1795352242532344.0
44100 1801982855996983.0
44400 1810211059083596.0
44700 1817197539020571.0
45000 1823581065130521.0
45300 1828862131364130.0
45600 1835993582085007.0
45900 1842801385394375.0
46200 1948281497909904.0
46500 2276558035821173.0
46800 2632823303595933.0
47100 3013245394532841.0
47400 3387789826489781.0
47700 3775184291474459.0
48000 3953029464382692.0
48300 3977711019306530.0
48600 3999677040388470.0
48900 4021488832764773.0
49200 4043218393978320.0
49500 4065172965797811.0
49800 4086877051472428.0
50100 4108336483543100.0
50400 4127498523254777.0
50700 4148000923566653.0
51000 4170001108801881.0
51300 4185983026107083.0
51600 4204202263023586.0
51900 4216861734584076.0
52200 4225577107201482.0
52500 4234081332673417.0
52800 4242447085485725.0
53100 4252150857572962.0
53400 4261931231550420.0
53700 4271262943775293.0
54000 4281150536303438.0
54300 4291998316550546.0
54600 4301728293034079.0
54900 4310893603767144.0
55200 4321760646980159.0
55500 4332058888099005.0
55800 4343026429241798.0
56100 4354352206220528.0
56400 4366025484206940.0
56700 4377405337423912.0
57000 4389105146957761.0
57300 4401428861019948.0
57600 4413338228110644.0
57900 4424954399551663.0
58200 4436907909258982.0
58500 4449637681831358.0
58800 4463434995358442.0
59100 4477674940860908.0
59400 4491379341727851.0
59700 4505780004206990.0
60000 4520689974834842.0
60300 4534955020468074.0
60600 4551825033554461.0
60900 4570352556614722.0
61200 4587117770207609.0
61500 4605845302010911.0
61800 4624092880592138.0
62100 4641383668957150.0
62400 4661897920368845.0
62700 4682273284005296.0
63000 4703173080689471.0
63300 4722440924232245.0
63600 4742545710702631.0
63900 4763164045119951.0
64200 4783313141480753.0
64500 4805899227120690.0
64800 4825809088334573.0
65100 4845988995758450.0
65400 4868298268643689.0
65700 4890409829796843.0
66000 4915571840476613.0
66300 4938951585812817.0
66600 4964887300361250.0
66900 4990438768650364.0
67200 5014616485612605.0
67500 5038872656289706.0
67800 5062727516337074.0
68100 5090177884690910.0
68400 5114599861458170.0
68700 5141734646079095.0
69000 5170082361975787.0
69300 5198384309669306.0
69600 5228984780259529.0
69900 5260724952722374.0
70200 5288608778587761.0
70500 5317253572336108.0
70800 5344086921411398.0
71100 5371114634162868.0
71400 5397100695107898.0
71700 5423421951890186.0
72000 5449941988564095.0
72300 5477789649963080.0
72600 5505708681409647.0
72900 5533446052826177.0
73200 5561649287809992.0
73500 5587834556954209.0
73800 5610554918315480.0
74100 5633938461537335.0
74400 5658811834823785.0
74700 5681815589819404.0
75000 5705644337355910.0
75300 5730429236472561.0
75600 5760197771382452.0
75900 5783950846045420.0
76200 5808166269431215.0
76500 5831457365304773.0
76800 5856742293771009.0
77100 5880964374646804.0
77400 5906062491157242.0
77700 5928653935862768.0
78000 5951760470290842.0
78300 5974094609289527.0
78600 5998132596979301.0
78900 6022665413049768.0
79200 6045481500416995.0
79500 6069266027330424.0
79800 6095100816481067.0
80100 6121616831093155.0
80400 6147772384530233.0
80700 6173056358507974.0
81000 6197694364293646.0
81300 6222309386701736.0
81600 6245670017464442.0
81900 6270340526821287.0
82200 6293313724068222.0
82500 6320087455682442.0
82800 6344489659249833.0
83100 6369758361141916.0
83400 6393665827297245.0
83700 6417781347617534.0
84000 6443141859129722.0
84300 6468863127269381.0
84600 6492698903871229.0
84900 6518899224762232.0
85200 6544081453891117.0
85500 6567217509072192.0
85800 6592498853153597.0
86100 6616838151841484.0
86400 6640151199947834.0
86700 6666712610679922.0
87000 6676577074254390.0
