0 0
300 43617471464907.0
600 87966330692636.0
900 130922410709645.0
1200 175674828599372.0
1500 220393736889071.0
1800 264217700706225.0
2100 309216548082535.0
2400 353078092577655.0
2700 395835434775487.0
3000 439522831895291.0
3300 482312390699461.0
3600 525099386969124.0
3900 567725444073100.0
4200 608617694122402.0
4500 648081573046852.0
4800 687462716252100.0
5100 727951306695572.0
5400 768229109694789.0
5700 808326035220744.0
6000 848307946489328.0
6300 887056891004158.0
6600 922767120186586.0
6900 960360432361952.0
7200 996996707296721.0
7500 1033743741790004.0
7800 1069439329280808.0
8100 1105356368056822.0
8400 1142202859005734.0
8700 1177535874672292.0
9000 1213099382085308.0
9300 1248622638501463.0
9600 1283684961496095.0
9900 1318270042812488.0
10200 1352765564600899.0
10500 1386120012920277.0
10800 1419773993227174.0
11100 1453071654870642.0
11400 1485551300631845.0
11700 1517299229685335.0
12000 1548202033507731.0
12300 1580081941001954.0
12600 1611497104388886.0
12900 1641688174639255.0
13200 1670807324858228.0
13500 1700341416210054.0
13800 1730130869047884.0
14100 1759962876495007.0
14400 1790225059574879.0
14700 1819300676611845.0
15000 1847589732085022.0
15300 1876438207871948.0
15600 1904201493243890.0
15900 1931277454486974.0
16200 1958988409269060.0
16500 1986827538348378.0
16800 2014968450103695.0
17100 2044213938361261.0
17400 2074531032127701.0
17700 2104178822504488.0
18000 2134134734197592.0
18300 2163483642523934.0
18600 2192157072065650.0
18900 2220598910834349.0
19200 2249585824423273.0
19500 2278853791168178.0
19800 2308229799666443.0
20100 2337973913413366.0
20400 2366462159792820.0
20700 2394643708563674.0
21000 2421783964102548.0
21300 2448839923354006.0
21600 2475587770501125.0
21900 2488687967206860.0
