0 0
300 34612270305634.0
600 68562312303912.0
900 103566039046703.0
1200 137548940484163.0
1500 178045019912522.0
1800 215923687872905.0
2100 255035591645796.0
2400 288611073682616.0
2700 322116712362092.0
3000 354522068426580.0
3300 388273797136728.0
3600 419577648830455.0
3900 452667054214064.0
4200 482788274153967.0
4500 515501500368042.0
4800 545932091263302.0
5100 581085657314472.0
5400 610216950170247.0
5700 640874570386496.0
6000 668501478607824.0
6300 697369811023498.0
6600 725600418025127.0
6900 754499014940581.0
7200 779817510030769.0
7500 806064995121819.0
7800 830304194248814.0
8100 856387181823649.0
8400 900615969737145.0
8700 938202758463916.0
9000 997939152925844.0
9300 1030585367233775.0
9600 1053515388780674.0
9900 1076739884085759.0
10200 1100137417691258.0
10500 1121962567111643.0
10800 1144342307176396.0
11100 1165608724706204.0
11400 1186402742889401.0
11700 1207412636020807.0
12000 1227463271954658.0
12300 1248868861286008.0
12600 1267548705108963.0
12900 1286978687147941.0
13200 1306076962844787.0
13500 1326439349593411.0
13800 1346336713787332.0
14100 1367010083249917.0
14400 1386445594036549.0
14700 1405199575679757.0
15000 1423171726009065.0
15300 1442349603852172.0
15600 1464469980995863.0
15900 1489077581480774.0
16200 1507534766345503.0
16500 1526321851321103.0
16800 1543608515599579.0
17100 1561791069253698.0
17400 1582524396427828.0
17700 1601636649563448.0
18000 1619916875686030.0
18300 1638069578013019.0
18600 1655503381040202.0
18900 1674014298305683.0
19200 1692528289065895.0
19500 1711069150167169.0
19800 1728468109563056.0
20100 1747157444952331.0
20400 1765129641179395.0
20700 1782856286225159.0
21000 1800302828218923.0
21300 1818326671736995.0
21600 1834906136456778.0
21900 1842248009649094.0
