0 0
300 7422674436.0
600 7471820979.0
900 7968713712.0
1200 9223595564.0
1500 248421235374.0
1800 259868104160.0
2100 260279547418.0
2400 12629098103226.0
2700 38485104123489.0
3000 59503430612118.0
3300 64543206813925.0
3600 66826176064038.0
3900 73506981398672.0
4200 98990455206088.0
4500 145778601506453.0
4800 163129515745952.0
5100 234939561382081.0
5400 288697531977200.0
5700 297152182900233.0
6000 313792869972197.0
6300 333500268021339.0
6600 348784448026520.0
6900 370705994150831.0
7200 392143526456088.0
7500 424161627842504.0
7800 441389655471587.0
8100 460221095858532.0
8400 477816123656225.0
8700 501151376627129.0
9000 522536858446653.0
9300 537286885398962.0
9600 555814234616608.0
9900 578734637672919.0
10200 600499972662569.0
10500 612877559149217.0
10800 626409722514991.0
11100 642946949631007.0
11400 662645970772038.0
11700 682088100632854.0
12000 692489313904247.0
12300 699391695065930.0
12600 785185846234337.0
12900 815018225995562.0
13200 928123610884989.0
13500 1066927734273382.0
13800 1172630493950217.0
14100 1278493431322728.0
14400 1392890818440831.0
14700 1506438989259157.0
15000 1614310312607322.0
15300 1724150890531455.0
15600 1805879011077344.0
15900 1944817089181851.0
16200 2074762445083059.0
16500 2230079377715707.0
16800 2282076787781880.0
17100 2304165707442967.0
17400 2326622761916677.0
17700 2380788658362641.0
18000 2407929685765130.0
18300 2429106913651745.0
18600 2454918434494677.0
18900 2482675424216897.0
19200 2528348763020118.0
19500 2567955959410597.0
19800 2596466886288551.0
20100 2604016119217452.0
20400 2607212865676211.0
20700 2645641629344625.0
21000 2658318052810237.0
21300 2665357505984228.0
21600 2671613695642334.0
21900 2699791264800925.0
22200 2708247876607857.0
22500 2718227182169678.0
22800 2743122395925614.0
23100 2749950597180329.0
23400 2750088103583460.0
23700 2750215745035516.0
24000 2750462904413640.0
24300 2750952647776359.0
24600 2751220342423157.0
24900 2751362512908608.0
25200 2751492115534214.0
25500 2751623238000347.0
25800 2751764938069985.0
26100 2751905122759886.0
26400 2753022326292082.0
26700 2756380986185071.0
27000 2756569178629727.0
27300 2756716209259168.0
27600 2756815391898512.0
27900 2757656657644910.0
28200 2758574505747114.0
28500 2758683724651490.0
28800 2758775581927748.0
29100 2758876754358629.0
29400 2758964180459874.0
29700 2759279595145971.0
30000 2759447890789281.0
30300 2759591154681351.0
30600 2759728526787556.0
30900 2759864318817298.0
31200 2759992028453820.0
31500 2760074515951530.0
31800 2760162175051792.0
32100 2760253510999230.0
32400 2760370175033232.0
32700 2760456899974027.0
33000 2760549774008575.0
33300 2760974763730251.0
33600 2761128964758494.0
33900 2761147987356768.0
34200 2761159128326515.0
34500 2761168518328626.0
34800 2761168718042162.0
35100 2761169069156632.0
35400 2761172021029930.0
35700 2761177798836493.0
36000 2761178798777018.0
36300 2761304188220427.0
36600 2761304289932482.0
36900 2761641397489306.0
37200 2761643491126815.0
37500 2761644472344753.0
37800 2761837675000799.0
38100 2761845402953354.0
38400 2761851942272959.0
38700 2762053387741755.0
39000 2762057888500623.0
39300 2762087826626664.0
39600 2762091707309157.0
39900 2762161293825873.0
40200 2762190518253826.0
40500 2762192345650222.0
40800 2762315224386925.0
41100 2762316031526095.0
41400 2762394990429732.0
41700 2762423302493613.0
42000 2762431985919219.0
42300 2762467678698533.0
42600 2762773002085082.0
42900 2762810341197642.0
43200 2762930483075913.0
43500 2762985987934687.0
43800 2762999484151138.0
44100 2763028314858572.0
44400 2763097040995026.0
44700 2763108132529837.0
45000 2763117337390267.0
45300 2763118167178096.0
45600 2763118169352508.0
45900 2763118400649798.0
46200 2763119524546598.0
46500 2763322012419154.0
46800 2763416805797792.0
47100 2763507795164355.0
47400 2763518288219158.0
47700 2763521592816043.0
48000 2763523897219845.0
48300 2763525918646342.0
48600 2763526483048853.0
48900 2763532484620231.0
49200 2763532746820563.0
49500 2763533551621249.0
49800 2763535078123889.0
50100 2763536015322545.0
50400 2763536443767594.0
50700 2763542349652854.0
51000 2763542420598198.0
51300 2763542907545338.0
51600 2763545272641023.0
51900 2763545992541029.0
52200 2763546912017078.0
52500 2763547725353747.0
52800 2763547727850828.0
53100 2763547994897026.0
53400 2763548709218445.0
53700 2763549199698092.0
54000 2763549608048922.0
54300 2763551580714859.0
54600 2763551963417542.0
54900 2763567655891657.0
55200 2763569808219758.0
55500 2763571178524299.0
55800 2763571750100704.0
56100 2763573010628600.0
56400 2763573550725926.0
56700 2763573951845032.0
57000 2763574639678687.0
57300 2763575396153799.0
57600 2763576124921341.0
57900 2763576994836248.0
58200 2763577332946034.0
58500 2763578235291402.0
58800 2763581332327376.0
59100 2763586629196777.0
59400 2763587117440695.0
59700 2763588104276449.0
60000 2763588106773530.0
60300 2763588586151156.0
60600 2763589400619377.0
60900 2763589921331029.0
61200 2763590613148147.0
61500 2763603881551604.0
61800 2763606338092208.0
62100 2763607320302546.0
62400 2763609479826947.0
62700 2763610719254915.0
63000 2763614241025694.0
63300 2763614926919929.0
63600 2763614929417010.0
63900 2763616074779887.0
64200 2763616787809582.0
64500 2763634561720360.0
64800 2763635072153928.0
65100 2763636468792015.0
65400 2763636512456373.0
65700 2763636999511122.0
66000 2763638525311003.0
66300 2763639504208160.0
66600 2763641994599175.0
66900 2763642744049463.0
67200 2763642783622486.0
67500 2763643347109959.0
67800 2763644070494604.0
68100 2763644401918057.0
68400 2763644883341187.0
68700 2763645878723392.0
69000 2763647397920340.0
69300 2763654581990909.0
69600 2763656997812832.0
69900 2763658079872530.0
70200 2763663890980955.0
70500 2763665353406109.0
70800 2763665457623038.0
71100 2763666667918719.0
71400 2763667482533555.0
71700 2763669029415291.0
72000 2763669507194408.0
72300 2763670427744004.0
72600 2763670430241083.0
72900 2763671132804219.0
73200 2763673156665500.0
73500 2763674061090836.0
73800 2763674422786668.0
74100 2763675186088451.0
74400 2764136929738599.0
74700 2766251289028935.0
75000 2768030524339738.0
75300 2770505546682441.0
75600 2771758273939387.0
75900 2773355760158384.0
76200 2775499845020709.0
76500 2777343493649911.0
76800 2777522256248133.0
77100 2777608220091384.0
77400 2777700198810674.0
77700 2777786997796805.0
78000 2777871935400920.0
78300 2777951730030830.0
78600 2778037828126020.0
78900 2778133578600879.0
79200 2778226413863410.0
79500 2778315006701509.0
79800 2778405283390768.0
80100 2778496698584468.0
80400 2778655786006092.0
80700 2778742333090759.0
81000 2778832112136778.0
81300 2778918015016829.0
81600 2779008307794453.0
81900 2779100300739201.0
82200 2779199202157537.0
82500 2779266404185139.0
82800 2779267745858696.0
83100 2779268500264858.0
83400 2779268928252810.0
83700 2779269663101831.0
84000 2779271489422333.0
84300 2779274006488056.0
84600 2779274260511935.0
84900 2779274943351055.0
85200 2779274945848136.0
85500 2779275199871007.0
85800 2779275200573781.0
