0 0
300 1384013255105.0
600 3109068103682.0
900 5998386064689.0
1200 6740588898881.0
1500 6962904471205.0
1800 7254606371431.0
2100 7598901705601.0
2400 7958783509838.0
2700 8161594261448.0
3000 8177369820919.0
3300 8181405580354.0
3600 8185824232576.0
3900 8190927297383.0
4200 8210330002148.0
4500 8241816977829.0
4800 8288145420517.0
5100 8315904159524.0
5400 8348783685384.0
5700 8354197544407.0
6000 10389790783431.0
6300 11772133693000.0
6600 12245862777368.0
6900 13965846131462.0
7200 15356496881489.0
7500 17006815190092.0
7800 17071378033235.0
8100 17146993616511.0
8400 17268660444771.0
8700 17648056571412.0
9000 18106529971999.0
9300 18476586618432.0
9600 19195969975441.0
9900 22289968239146.0
10200 22764624156294.0
10500 23405716195594.0
10800 23936076277124.0
11100 24865399683748.0
11400 25583002637019.0
11700 26340747965748.0
12000 26864989207389.0
12300 27805276898119.0
12600 28452352501717.0
12900 29347188408844.0
13200 29999814806443.0
13500 30902140972435.0
13800 31725963822724.0
14100 32318090018191.0
14400 33061201251013.0
14700 33974733121072.0
15000 34859346494534.0
15300 35628025063412.0
15600 36636277511307.0
15900 37791113564016.0
16200 38567962154866.0
16500 39172937835994.0
16800 39727884791881.0
17100 40515817719869.0
17400 41301144622149.0
17700 42562822653849.0
18000 43209770237854.0
18300 43783712591858.0
18600 44432892598458.0
18900 45869688447340.0
19200 48121629656245.0
19500 49387646414989.0
19800 50724750409987.0
20100 52932254705916.0
20400 54801632904485.0
20700 56097555292606.0
21000 60225347668089.0
21300 64935152688417.0
21600 69897541545064.0
21900 74352456615920.0
22200 76706588209343.0
22500 78332344534787.0
22800 81896143089316.0
23100 83035262207621.0
23400 84652134100972.0
23700 86164442937638.0
24000 87797583908721.0
24300 89513290462554.0
24600 91838153420295.0
24900 94683790514248.0
25200 96923916315923.0
25500 100698968087226.0
25800 109436832586487.0
26100 115797535479308.0
26400 122041068199675.0
26700 129099315112259.0
27000 135568460530107.0
27300 140912585689322.0
27600 147881566575411.0
27900 151001680950702.0
28200 153742380059476.0
28500 155163633613053.0
28800 155735949213852.0
29100 156282840730698.0
29400 156917156794958.0
29700 160330158676136.0
30000 161793817725470.0
30300 166163285853351.0
30600 166408235767445.0
30900 172552257407913.0
31200 182935885225692.0
31500 193119072403486.0
31800 199394784060049.0
32100 207298452467026.0
32400 217250278341385.0
32700 226874731108072.0
33000 236739000818180.0
33300 245631341750275.0
33600 256315983593949.0
33900 265658333907371.0
34200 275940896158428.0
34500 285943343149399.0
34800 295275852852487.0
35100 301376621696521.0
35400 306378708389886.0
35700 311979073643870.0
36000 319016746650344.0
36300 327291355420708.0
36600 333376267845614.0
36900 337937071859877.0
37200 343428550710792.0
37500 347418419142632.0
37800 351649504371965.0
38100 355706342041710.0
38400 359357274890995.0
38700 364670313193605.0
39000 369715804368396.0
39300 372675669674148.0
39600 374966319675529.0
39900 375800718602092.0
40200 376886055228469.0
40500 377284134354516.0
40800 377322064711206.0
41100 377432842572833.0
41400 377450268788137.0
41700 377475014884150.0
42000 377520626103148.0
42300 377528476766086.0
42600 377535627057621.0
42900 377539255937006.0
43200 377547995702684.0
43500 377553447486933.0
43800 377560909524188.0
44100 377563762266877.0
44400 377567501421299.0
44700 377571748639831.0
45000 377575115408010.0
45300 377578808067384.0
45600 377582453920006.0
45900 377587030602462.0
46200 377601207364700.0
46500 377612668433048.0
46800 377615139221617.0
47100 377678579624054.0
47400 377682097678285.0
47700 377685080058711.0
48000 377690036626434.0
48300 377696169277151.0
48600 377700295235340.0
48900 377704162859045.0
49200 377719011572535.0
49500 377754667376080.0
49800 377759621450198.0
50100 377765745367124.0
50400 377777276278389.0
50700 377792503148056.0
51000 377821948310061.0
51300 378030569150615.0
51600 378680214907542.0
51900 379219427647137.0
52200 380645006416279.0
52500 383462722518741.0
52800 386862372707070.0
53100 391610096837756.0
53400 399629724820387.0
53700 406451320609674.0
54000 413989175414655.0
54300 422219872107833.0
54600 431107034472749.0
54900 447198677804237.0
55200 461061242313131.0
55500 473779928366825.0
55800 488869250635061.0
56100 499706182199846.0
56400 508133919434346.0
56700 517092991526995.0
57000 524995744605707.0
57300 534066678850538.0
57600 544037397918062.0
57900 550572740536027.0
58200 560354502325800.0
58500 566997760196786.0
58800 570154400654628.0
59100 572552608151950.0
59400 575352501321388.0
59700 577302051182971.0
60000 579148858243589.0
60300 580364539510728.0
60600 583209064435808.0
60900 586484859922444.0
61200 590406658269893.0
61500 593221194474780.0
61800 597470161986847.0
62100 600035879266053.0
62400 601897118507103.0
62700 604380782890135.0
63000 605716803644268.0
63300 609394473004899.0
63600 611944341626724.0
63900 614256973381442.0
64200 616252834800295.0
64500 619024812138973.0
64800 622394454894435.0
65100 626402456892339.0
65400 631749990176833.0
65700 637477106244871.0
66000 644641226004942.0
66300 650914580371294.0
66600 658906590188866.0
66900 670710403059567.0
67200 677011232240823.0
67500 679684127550650.0
67800 684016430950831.0
68100 688292736129423.0
68400 692003551599518.0
68700 694054153495825.0
69000 699363961908920.0
69300 702189266209257.0
69600 702866428361836.0
69900 703090924242765.0
70200 703195831941422.0
70500 704294855814205.0
70800 704872016926929.0
71100 705113104827148.0
71400 707080890687433.0
71700 714705513310128.0
72000 720150305182875.0
72300 726272160009461.0
72600 735363712241263.0
72900 742930099866390.0
73200 753211651147061.0
73500 762202550702489.0
73800 769761403456966.0
74100 781149598982916.0
74400 788838881933917.0
74700 792106180746816.0
75000 798596340834595.0
75300 800460437437226.0
75600 801321551856162.0
75900 802748472822903.0
76200 805790549628483.0
76500 807749763035436.0
76800 810161811597030.0
77100 814554664047836.0
77400 824400649272555.0
77700 825874899763541.0
78000 826994967231995.0
78300 828755688295416.0
78600 832135215231853.0
78900 835655298297220.0
79200 840039503983269.0
79500 842262482069236.0
79800 842845255582556.0
80100 843439344724398.0
80400 843604244062534.0
80700 843850055382680.0
81000 846526183636214.0
81300 849882910286596.0
81600 850158844722680.0
81900 858190086687108.0
82200 870217429480758.0
82500 881256337986636.0
82800 885445734188827.0
83100 889229962124088.0
83400 893548042719641.0
83700 895487982056713.0
84000 900680355129930.0
84300 909585333813986.0
84600 919244813110855.0
84900 924614655675295.0
85200 931331212009297.0
85500 941684203716808.0
85800 954942670344398.0
86100 960791637791844.0
86400 963417476115894.0
86700 964697857809826.0
