0 0
300 194868942777.0
600 379531880913.0
900 556986231346.0
1200 748666309112.0
1500 950074306254.0
1800 1212537971412.0
2100 1498650594093.0
2400 1739233187786.0
2700 1926823038874.0
3000 2128119225724.0
3300 2320871455376.0
3600 2498962264175.0
3900 2684829854733.0
4200 2854558658204.0
4500 3019097604559.0
4800 3189067495919.0
5100 3352834308631.0
5400 3522409912322.0
5700 3689447773616.0
6000 3895498568506.0
6300 4106831691188.0
6600 4338843291015.0
6900 4587486858554.0
7200 4836641581108.0
7500 5078945040820.0
7800 5339397064577.0
8100 5587800027629.0
8400 5744618385438.0
8700 5931007315368.0
9000 6081661654060.0
9300 6233532874877.0
9600 6382235515992.0
9900 6522580950377.0
10200 6661832752938.0
10500 6915440568769.0
10800 7037434154995.0
11100 7155567693317.0
11400 7255191470508.0
11700 7366164733068.0
12000 7488158735427.0
12300 7618848508132.0
12600 7926484515039.0
12900 8042136532049.0
13200 8160700808086.0
13500 8283484835502.0
13800 8389101967397.0
14100 8488629766942.0
14400 8586332068014.0
14700 8683792915571.0
15000 8779164678951.0
15300 8906412339296.0
15600 9086924010423.0
15900 9302979006984.0
16200 9506826452783.0
16500 9677345253016.0
16800 9849430238693.0
17100 9988016314041.0
17400 10103241221350.0
17700 10221083963783.0
18000 10329904345827.0
18300 10486074268633.0
18600 10683319491155.0
18900 10788029298178.0
19200 10908314858595.0
19500 11015159157134.0
19800 11129759937983.0
20100 11238358977078.0
20400 11379090396118.0
20700 11553833786877.0
21000 11736790735373.0
21300 11879106065938.0
21600 12011073593252.0
21900 12168001388771.0
22200 12312840095809.0
22500 12448713740369.0
22800 12623673334431.0
23100 12757198495612.0
23400 12896324865148.0
23700 13063707615429.0
24000 13196870283304.0
24300 13359827059084.0
24600 13629914585635.0
24900 13924795932776.0
25200 14076222789191.0
25500 14238845241659.0
25800 14373503611290.0
26100 14496694381148.0
26400 14629030094091.0
26700 14757995137395.0
27000 14885580397410.0
27300 15027983307637.0
27600 15141214969702.0
27900 15254640433474.0
28200 15390709072384.0
28500 15521389439392.0
28800 15683423833518.0
29100 15839583526957.0
29400 16044905237674.0
29700 16208129486633.0
30000 16376111902630.0
30300 16543261849723.0
30600 16744503737949.0
30900 17014810305315.0
31200 17357196735697.0
31500 17651026624070.0
31800 17952003339861.0
32100 18169235458435.0
32400 18369861140684.0
32700 18573911747125.0
33000 18822640581203.0
33300 19071950575344.0
33600 19293430592025.0
33900 19510303059526.0
34200 19689366303045.0
34500 19882135055873.0
34800 20192321072439.0
35100 20606078614671.0
35400 20927892117208.0
35700 21215857038100.0
36000 21435609176370.0
36300 21642777132765.0
36600 21867346176336.0
36900 22068182744751.0
37200 22253229485057.0
37500 22437593971397.0
37800 22621478337574.0
38100 22797683595571.0
38400 22977835309020.0
38700 23150437630430.0
39000 23347128185658.0
39300 23635723829013.0
39600 23971548123209.0
39900 24312251277208.0
40200 24609988084494.0
40500 24838787747566.0
40800 25060551202593.0
41100 25271866346093.0
41400 25428063693755.0
41700 25621547786675.0
42000 25794803019513.0
42300 25969662985478.0
42600 26136463658034.0
42900 26305633573373.0
43200 26529786757327.0
43500 26770463594274.0
43800 26951785154680.0
44100 27092377418317.0
44400 27221652334510.0
44700 27343789289211.0
45000 27467374487605.0
45300 27582649057357.0
45600 27705309566230.0
45900 27819997998046.0
46200 27944174531135.0
46500 28065310345628.0
46800 28171138470094.0
47100 28381521275279.0
47400 28515574497779.0
47700 28697736214936.0
48000 28857531306004.0
48300 29047908589727.0
48600 29240334067844.0
48900 29437530883088.0
49200 29626492857462.0
49500 29786041969322.0
49800 29953746932729.0
50100 30081221109782.0
50400 30239802220705.0
50700 30374213850094.0
51000 30631874337304.0
51300 30845983367733.0
51600 31020275174821.0
51900 31203198292883.0
52200 31354731075681.0
52500 31503282184763.0
52800 31632619265799.0
53100 31766362810207.0
53400 31881255032790.0
53700 32024682514675.0
54000 32152771029177.0
54300 32295426250017.0
54600 32427911382713.0
54900 32560574351641.0
55200 32676644194585.0
