0 0
300 26005530133062.0
600 51005397156666.0
900 77416504365757.0
1200 103113982669616.0
1500 134273398304004.0
1800 162955423878911.0
2100 193191122036915.0
2400 218611292392363.0
2700 244065441768939.0
3000 267995649103391.0
3300 292637228678830.0
3600 316038177062365.0
3900 340360592732175.0
4200 362918568819738.0
4500 387260797384391.0
4800 409652558606965.0
5100 435972387192827.0
5400 458834759466469.0
5700 481256391986080.0
6000 501560001067925.0
6300 522923646476909.0
6600 543634586544465.0
6900 565157498992331.0
7200 583502112089552.0
7500 602758226068788.0
7800 621193928642248.0
8100 640537808704793.0
8400 676587398636676.0
8700 707253691786112.0
9000 757238327077622.0
9300 782489329321237.0
9600 799868889291153.0
9900 816756854924991.0
10200 834078344971581.0
10500 850942225059400.0
10800 867618516998481.0
11100 883651133442483.0
11400 899550037078670.0
11700 915185580226286.0
12000 930503611911907.0
12300 946318842037471.0
12600 960509312882203.0
12900 975243297674536.0
13200 989601747704294.0
13500 1004695857607695.0
13800 1019598737699680.0
14100 1035262448814874.0
14400 1050073088996172.0
14700 1064636610230771.0
15000 1078431027990431.0
15300 1092849729046843.0
15600 1109893096873613.0
15900 1129041680374654.0
16200 1143572522032713.0
16500 1157556483697761.0
16800 1170684578551898.0
17100 1184390302893313.0
17400 1199937938006538.0
17700 1214502417216553.0
18000 1228034500912790.0
18300 1241155770442764.0
18600 1254410017408223.0
18900 1267571049129638.0
19200 1281459205094796.0
19500 1295568869039896.0
19800 1308496542954532.0
20100 1321931525196877.0
20400 1335697664869165.0
20700 1348388704727165.0
21000 1361529005441597.0
21300 1374254973714548.0
21600 1386844815016773.0
21900 1392080027922649.0
