0 0
30 76119740697916.0
60 160749250138530.0
90 252110197635821.0
120 347760474859033.0
150 448003642160819.0
180 551043044490179.0
210 657849402654599.0
240 765614614086140.0
270 874975466436994.0
300 985178804283314.0
330 1097922484940628.0
360 1211594736887553.0
390 1327868493675460.0
420 1445954936556573.0
450 1565937466615125.0
480 1687628891032455.0
510 1810536500941160.0
540 1933187481339249.0
570 2056532929429875.0
600 2180504356077373.0
630 2279094317067218.0
660 2403564854606766.0
690 2528330363002104.0
720 2651537989421251.0
750 2771320926858653.0
780 2884527821070136.0
810 2998821475472183.0
840 3109744476715371.0
870 3220064909092675.0
900 3328069389137231.0
930 3437083584528146.0
960 3547077650717525.0
990 3657760222014591.0
1020 3765557377762063.0
1050 3875000761010943.0
1080 3983186597789181.0
1110 4090326345168021.0
1140 4197945399844705.0
1170 4305634649952120.0
1200 4412672820702213.0
1230 4520364407924522.0
1260 4627602533433371.0
1290 4734334146978076.0
1320 4841500832962275.0
1350 4949387004708748.0
1380 5056245420527582.0
1410 5163224185130696.0
1440 5268915641722895.0
1470 5347771587308341.0
1500 5469334804513492.0
1530 5591363793810349.0
1560 5712001633587770.0
1590 5832672263614682.0
1620 5952626113321711.0
1650 6072195082592149.0
1680 6192790694083808.0
1710 6313500976372250.0
1740 6433432348556470.0
1770 6553408702430902.0
1800 6673242862455553.0
1830 6794497750206759.0
1860 6913314426555845.0
1890 7033476873593955.0
1920 7153109177566344.0
1950 7273457643310293.0
1980 7392269515263177.0
2010 7511831440217125.0
2040 7631641033893467.0
2070 7750724311179113.0
2100 7869737918736743.0
2130 7989101951914185.0
2160 8108897838943273.0
2190 8227843897767645.0
2220 8347207429088636.0
2250 8466226151848377.0
2280 8585365951995061.0
2310 8702777835031749.0
2340 8821979075736806.0
2370 8941628819911341.0
2400 9060730522201660.0
2430 9180110550389968.0
2460 9299823407071512.0
2490 9410176532351406.0
2520 9529183481160332.0
2550 9648133652415374.0
2580 9766925817048426.0
2610 9886591704164604.0
2640 1.00055805455067e+16
2670 1.0125291225377954e+16
2700 1.0244514650936842e+16
2730 1.0362777439814366e+16
2760 1.0481880611929254e+16
2790 1.0600879269040104e+16
2820 1.0720056469944466e+16
2850 1.083791527044862e+16
2880 1.0957313418907224e+16
2910 1.1076633558553672e+16
2940 1.1194651970236698e+16
2970 1.1312399930943348e+16
3000 1.1430525784314574e+16
3030 1.154937572262332e+16
3060 1.1667840269705106e+16
3090 1.1787527657895032e+16
3120 1.1906336495038096e+16
3150 1.2026179408905828e+16
3180 1.2144996260909944e+16
3210 1.2263733658108992e+16
3240 1.238340098901024e+16
3270 1.2502237409526168e+16
3300 1.2621328171240836e+16
3330 1.2738195280724136e+16
3360 1.2856068209806132e+16
3390 1.2975467276370808e+16
3420 1.3094344158853188e+16
3450 1.3213005597102332e+16
3480 1.3331201427873744e+16
3510 1.3449635490126128e+16
3540 1.3568073724295036e+16
3570 1.3687587142702608e+16
3600 1.3806087941505992e+16
3630 1.3924871731096348e+16
3660 1.404417632300076e+16
3690 1.4163058714139764e+16
3720 1.4282300258939084e+16
3750 1.4401545725586072e+16
3780 1.4519248724153288e+16
3810 1.4638120381629928e+16
3840 1.475689322491846e+16
3870 1.487573059077488e+16
3900 1.4909265044156836e+16
3930 1.4909266230722676e+16
3960 1.490926881977308e+16
3990 1.4909270857166884e+16
4020 1.490948836100724e+16
4050 1.490963545035268e+16
4080 1.4914613920710316e+16
4110 1.4915020877787044e+16
4140 1.4915020877787044e+16
4170 1.4915024387757684e+16
4200 1.4915024387757684e+16
4230 1.4915028881256792e+16
4260 1.491502888127512e+16
4290 1.4915033374753852e+16
4320 1.4915033374753852e+16
4350 1.4915037868232584e+16
4380 1.4915037868232584e+16
4410 1.4915042361711316e+16
4440 1.4915042361711316e+16
4470 1.491504685522472e+16
4500 1.4915046855726024e+16
4530 1.4915051349204756e+16
4560 1.4915066750806128e+16
