0 0
300 6396169147567.0
600 13879972236325.0
900 20102956076319.0
1200 26172848595872.0
1500 33004928402424.0
1800 38307472041747.0
2100 43022339942952.0
2400 47716095413644.0
2700 53174949846548.0
3000 57263547778791.0
3300 61690351796090.0
3600 65982148537600.0
3900 70473653418472.0
4200 75926345950736.0
4500 81837153279610.0
4800 87003171848574.0
5100 92501557520823.0
5400 97027201514476.0
5700 101605851219890.0
6000 105679349494705.0
6300 109507594876576.0
6600 113563069002679.0
6900 118059324148187.0
7200 121781091609724.0
7500 125306991825335.0
7800 129036145175636.0
8100 132423104975620.0
8400 137242781940252.0
8700 141563468565277.0
9000 149465488775061.0
9300 154186953471099.0
9600 158100535203411.0
9900 161045163109133.0
10200 164074964186797.0
10500 168348139377531.0
10800 172445469894814.0
11100 174740379956194.0
11400 177396947068249.0
11700 180297792512721.0
12000 182820578049435.0
12300 185640312852268.0
12600 188771475752961.0
12900 192879543629015.0
13200 194821649036553.0
13500 196539553840901.0
13800 198117624803451.0
14100 200407049474018.0
14400 202292681155995.0
14700 203888682712046.0
15000 205748299183140.0
15300 207841699242909.0
15600 210950430704001.0
15900 212570285182820.0
16200 214137813624224.0
16500 215399103733201.0
16800 216794076282753.0
17100 218119727577961.0
17400 220298513794006.0
17700 222728034549366.0
18000 224062196219367.0
18300 226425812838311.0
18600 227550942909776.0
18900 228844227392421.0
19200 230444478244284.0
19500 231831844221911.0
19800 233967736971773.0
20100 237038365697196.0
20400 239866092187804.0
20700 242731112425509.0
21000 244368088887989.0
21300 245556864771103.0
21600 246677675912030.0
21900 247833893653730.0
22200 248841258247006.0
22500 249992695273572.0
22800 251397304814087.0
23100 252819685741163.0
23400 254358589682857.0
23700 255477994649713.0
24000 256381782735078.0
24300 257494655521552.0
24600 258728480693020.0
24900 259601138443000.0
25200 260587559717222.0
25500 261554676819978.0
25800 262629324829278.0
26100 263797033227996.0
26400 264846603696691.0
26700 265940786097672.0
27000 266908077151449.0
27300 268245311934076.0
27600 269235675683318.0
27900 271955059548989.0
28200 275702545046093.0
28500 283063094332621.0
28800 286603261329768.0
29100 287554220633859.0
29400 288683195350902.0
29700 289604134522443.0
30000 291098908308824.0
30300 292213426419121.0
30600 293390933245124.0
30900 294292735796660.0
31200 295209599378844.0
31500 296133061156532.0
31800 297336988641934.0
32100 298147677990062.0
32400 299105029420478.0
32700 300090730603920.0
33000 300967302908205.0
33300 302146066375014.0
33600 306161523107329.0
33900 311535558777213.0
34200 313185281046209.0
34500 314261417116406.0
34800 315212511798580.0
35100 316178486165309.0
35400 317236037878809.0
35700 318638578575291.0
36000 319545896827515.0
36300 320208326465581.0
36600 320954275516809.0
36900 321973491728376.0
37200 322749120592911.0
37500 323597414516534.0
37800 325356261137247.0
38100 326234115609911.0
38400 327125237813508.0
38700 329047183325663.0
39000 329642438772527.0
39300 330364084697197.0
39600 331099386652920.0
39900 331648201289627.0
40200 332144081944922.0
40500 332702004671806.0
40800 333859522165488.0
41100 334583538381183.0
41400 335180962071215.0
41700 336168552666106.0
42000 336718314804192.0
42300 337752513203842.0
42600 338201576129390.0
42900 338780108408858.0
43200 339241736042229.0
43500 339750043060672.0
43800 340141567014345.0
44100 340616366103054.0
44400 341819977258909.0
44700 342726286128122.0
45000 343878678074869.0
45300 344374835455914.0
45600 345247674662879.0
45900 345886569208879.0
46200 425537519295120.0
46500 693814881424645.0
46800 1025134559940862.0
47100 1389112588831718.0
47400 1742181904492401.0
47700 2107850625644953.0
48000 2272135785775828.0
48300 2286863591976281.0
48600 2299917797940417.0
48900 2313138298256044.0
49200 2326432999245216.0
49500 2339622134994204.0
49800 2352583182465107.0
50100 2364281153124615.0
50400 2375315954284875.0
50700 2387276237854152.0
51000 2399175566276829.0
51300 2406598627043562.0
51600 2415696184221113.0
51900 2420166664823517.0
52200 2421649513835603.0
52500 2423333223790831.0
52800 2425138412881631.0
53100 2426800364103380.0
53400 2428925902118458.0
53700 2431157226904859.0
54000 2433332930770296.0
54300 2435496262091390.0
54600 2437408741258651.0
54900 2439090316762433.0
55200 2441651265837963.0
55500 2443254326769867.0
55800 2445083225562824.0
56100 2447141562002433.0
56400 2448948073056486.0
56700 2450933771356679.0
57000 2452976985108430.0
57300 2454751429563054.0
57600 2456608230549675.0
57900 2458631031800399.0
58200 2460599021071610.0
58500 2462739069463080.0
58800 2465476231975437.0
59100 2468565067315049.0
59400 2471333432284718.0
59700 2474399194914521.0
60000 2477335766167970.0
60300 2479803430094554.0
60600 2483520888950862.0
60900 2487990473427520.0
61200 2492015476355848.0
61500 2497960350915819.0
61800 2503413731884894.0
62100 2507501936603762.0
62400 2513026183014244.0
62700 2518736923925262.0
63000 2524548019166850.0
63300 2529331782778003.0
63600 2534421603319594.0
63900 2538923453111253.0
64200 2543646910877056.0
64500 2548919242165241.0
64800 2553540510627267.0
65100 2557809318250137.0
65400 2563424127945447.0
65700 2568831963044610.0
66000 2575367703817676.0
66300 2581402820520673.0
66600 2589955779753559.0
66900 2597723082184052.0
67200 2604255734741323.0
67500 2610798316467835.0
67800 2617398138803781.0
68100 2625269531240661.0
68400 2631961493452061.0
68700 2640018329647412.0
69000 2649001470086033.0
69300 2658181059449552.0
69600 2668745182735538.0
69900 2677608073130590.0
70200 2685468072953673.0
70500 2693356932864276.0
70800 2700735671234929.0
71100 2707900409228912.0
71400 2714408176239023.0
71700 2721840502007596.0
72000 2728795488229880.0
72300 2737276366957569.0
72600 2745968398431172.0
72900 2753579062512250.0
73200 2761685851846696.0
73500 2768433578353796.0
73800 2774387072099318.0
74100 2779967939870711.0
74400 2784957572586410.0
74700 2789929841241096.0
75000 2794687725668447.0
75300 2800417015107974.0
75600 2811443613793393.0
75900 2816973678829353.0
76200 2823021126596766.0
76500 2828325751166804.0
76800 2834436993340446.0
77100 2840524739902942.0
77400 2848148866848477.0
77700 2853227605666255.0
78000 2858032462704102.0
78300 2862506353935059.0
78600 2868035331011267.0
78900 2873582716135898.0
79200 2878228646276603.0
79500 2883895288123843.0
79800 2890146242045269.0
80100 2897460620498881.0
80400 2904015630330647.0
80700 2910359751379134.0
81000 2917563612365372.0
81300 2923681061316777.0
81600 2929778230649616.0
81900 2935654315447717.0
82200 2940745155137474.0
82500 2947206170150156.0
82800 2953705409361882.0
83100 2960025120044310.0
83400 2965681629161092.0
83700 2971686641186073.0
84000 2978328735575214.0
84300 2985047223568807.0
84600 2990194006121639.0
84900 2996874194108475.0
85200 3002482008985527.0
85500 3007826559889254.0
85800 3012954133989906.0
86100 3018782528426478.0
86400 3023590235672620.0
86700 3031545569777463.0
87000 3034044472719504.0
