0 0
300 1223420380.0
600 2381611017.0
900 14492971891.0
1200 15296052609.0
1500 17039509260.0
1800 18055233307.0
2100 20615004725.0
2400 28406585168.0
2700 33107754978.0
3000 37601793793.0
3300 42202838418.0
3600 50994993129.0
3900 74604669905.0
4200 76054426788.0
4500 78436658462.0
4800 80270254905.0
5100 81804435865.0
5400 83648013300.0
5700 84621005539.0
6000 86109653266.0
6300 99270996462.0
6600 101090601962.0
6900 107460692266.0
7200 135226475107.0
7500 138858048871.0
7800 193381591133.0
8100 206171534365.0
8400 212889293712.0
8700 219629538892.0
9000 234107923280.0
9300 242182677001.0
9600 244181082224.0
9900 244723170806.0
10200 245307981720.0
10500 247085638991.0
10800 249554806431.0
11100 252922688043.0
11400 257942025372.0
11700 259461393223.0
12000 261047313991.0
12300 263051279032.0
12600 264542877582.0
12900 265288032567.0
13200 274113854206.0
13500 275112929451.0
13800 276525676060.0
14100 278509454421.0
14400 278864637881.0
14700 287817696553.0
15000 290618324654.0
15300 295816837001.0
15600 296604113767.0
15900 297732573036.0
16200 298240635440.0
16500 299105973054.0
16800 301108221338.0
17100 301785039719.0
17400 302391839614.0
17700 303356269256.0
18000 306590899578.0
18300 375761750809.0
18600 378425515961.0
18900 382067494894.0
19200 386090143412.0
19500 386698550062.0
19800 387170644959.0
20100 390764100298.0
20400 399383388312.0
20700 399939183015.0
21000 400824506446.0
21300 401684136430.0
21600 402896621166.0
21900 408127783072.0
22200 409577991790.0
22500 415476390210.0
22800 470712282033.0
23100 473002814307.0
23400 474202061927.0
23700 477277487306.0
24000 478444375032.0
24300 478767597851.0
24600 481001018379.0
24900 485070207794.0
25200 485878608274.0
25500 493750504027.0
25800 501911925173.0
26100 515111975779.0
26400 532794965930.0
26700 537346292278.0
27000 537919536134.0
27300 538747403298.0
27600 544489595670.0
27900 547028248884.0
28200 547694253482.0
28500 549141808883.0
28800 549820914482.0
29100 556788963056.0
29400 559096519220.0
29700 560671575526.0
30000 573254769989.0
30300 576525631015.0
30600 576957915603.0
30900 578787640641.0
31200 579606143414.0
31500 583564186467.0
31800 586143467553.0
32100 586809146870.0
32400 587542554043.0
32700 590820793036.0
33000 597951419589.0
33300 600259480207.0
33600 600705806278.0
33900 623273995219.0
34200 625160956293.0
34500 625605608020.0
34800 627185625633.0
35100 639070456646.0
35400 644374236815.0
35700 651195119056.0
36000 661793684982.0
36300 665843638178.0
36600 668458334490.0
36900 676061091760.0
37200 677643505385.0
37500 679251178840.0
37800 684782187670.0
38100 686194978286.0
38400 687040474527.0
38700 690861252639.0
39000 692148542626.0
39300 692563093330.0
39600 702505678239.0
39900 705235388495.0
40200 707063246373.0
40500 710073446364.0
40800 713072503310.0
41100 714485391734.0
41400 717827090438.0
41700 719303858628.0
42000 720327834037.0
42300 721991702535.0
42600 727566398728.0
42900 728785388827.0
43200 731327478634.0
43500 739913218721.0
43800 744095709976.0
44100 747381718298.0
44400 751959924698.0
44700 753070338601.0
45000 754807299067.0
45300 755688521182.0
45600 766070709070.0
45900 787323440449.0
46200 788514552446.0
46500 788775537766.0
46800 789583154732.0
47100 793807191076.0
47400 797561414136.0
47700 800503317597.0
48000 801984834053.0
48300 803223136744.0
48600 808648428234.0
48900 818520883841.0
49200 823851733310.0
49500 825896405135.0
49800 827104203274.0
50100 835689856845.0
50400 838994757028.0
50700 841901750777.0
51000 850204766570.0
51300 856261480869.0
51600 860862377977.0
51900 861624763872.0
52200 862913021326.0
52500 863359541345.0
52800 863871007328.0
53100 867868051105.0
53400 870792479939.0
53700 871762769770.0
54000 874391982543.0
54300 879885845356.0
54600 887841950140.0
54900 889564100623.0
55200 890760835090.0
55500 893928987267.0
55800 894691578547.0
56100 895749408600.0
56400 908937097144.0
56700 913569557029.0
57000 915202329097.0
57300 918634827562.0
57600 919468130394.0
57900 927770454594.0
58200 930592488557.0
58500 938851572839.0
58800 953273625093.0
59100 959889958096.0
59400 965890769193.0
59700 973133018434.0
60000 988575381708.0
60300 996167942577.0
60600 1003401073961.0
60900 1005288913854.0
61200 1008869243643.0
61500 1009938168130.0
