0 0
300 1311243845826.0
600 2924343341058.0
900 5657370674452.0
1200 6246476367103.0
1500 6400500272819.0
1800 6545456414368.0
2100 6776559809707.0
2400 6999892837731.0
2700 7148969192769.0
3000 7158938674684.0
3300 7159559677692.0
3600 7160955312671.0
3900 7162950974314.0
4200 7177154643300.0
4500 7193579058198.0
4800 7224071640537.0
5100 7232512179923.0
5400 7240080037751.0
5700 7240569123177.0
6000 8992977798924.0
6300 10150273326449.0
6600 10538608216860.0
6900 12023244866523.0
7200 13228144296590.0
7500 14629373101024.0
7800 14680910284031.0
8100 14727225930557.0
8400 14826826199560.0
8700 14990732500223.0
9000 15172690963559.0
9300 15415249387991.0
9600 16009318125191.0
9900 18549522481875.0
10200 18846207226950.0
10500 19206799429860.0
10800 19473654418067.0
11100 20186300768120.0
11400 20738878213942.0
11700 21247360394450.0
12000 21639615687860.0
12300 22413897495406.0
12600 22867967125140.0
12900 23543225846719.0
13200 23945664427699.0
13500 24607371828005.0
13800 25203194720567.0
14100 25576846720947.0
14400 26106762212941.0
14700 26714721173822.0
15000 27304526612713.0
15300 27737286062013.0
15600 28376350759546.0
15900 29255322413048.0
16200 29789851582393.0
16500 30169893172584.0
16800 30453371045255.0
17100 30975214182324.0
17400 31502571260383.0
17700 32474089691709.0
18000 32799305328730.0
18300 33125314045307.0
18600 33499795764150.0
18900 34409485721501.0
19200 36009483319128.0
19500 36744662450207.0
19800 37606256265016.0
20100 38783391864185.0
20400 40098470297514.0
20700 40795311058606.0
21000 43152902352865.0
21300 46106585714427.0
21600 48642859797684.0
21900 51792220871562.0
22200 53625214434238.0
22500 54563826641612.0
22800 57423056600807.0
23100 57773019397627.0
23400 58216030466321.0
23700 58653477462646.0
24000 59160137469304.0
24300 60128563807533.0
24600 61464833925879.0
24900 62939115860178.0
25200 64119226359760.0
25500 66313676294130.0
25800 72867238814608.0
26100 76168904655617.0
26400 79749818201779.0
26700 84509198223281.0
27000 88865968125341.0
27300 93251117813437.0
27600 99497788423120.0
27900 102278694998127.0
28200 104291718694386.0
28500 105399739913536.0
28800 105786726928108.0
29100 106195204574110.0
29400 106721478136096.0
29700 109640103051270.0
30000 110874713632320.0
30300 114479763636670.0
30600 114679056759332.0
30900 119799376603396.0
31200 128181474253948.0
31500 136466383808345.0
31800 141436251313835.0
32100 147549204272259.0
32400 155670963847067.0
32700 163835837446258.0
33000 172397291640802.0
33300 180165075801312.0
33600 189051678395086.0
33900 196364182039879.0
34200 204991925897527.0
34500 213920447812231.0
34800 222209332629627.0
35100 227307181850683.0
35400 231525731891898.0
35700 236507136501463.0
36000 242891213670549.0
36300 250398796983870.0
36600 255806453293916.0
36900 259739318533862.0
37200 264704551378741.0
37500 268159064125963.0
37800 271734011119288.0
38100 275386806019029.0
38400 278691512740322.0
38700 283321606284080.0
39000 287816054710251.0
39300 290486782612615.0
39600 292363435402556.0
39900 292964315786596.0
40200 293975353550281.0
40500 294347700767146.0
40800 294368242002163.0
41100 294442229532579.0
41400 294454842797546.0
41700 294470094191159.0
42000 294501864777693.0
42300 294503926465260.0
42600 294505296916916.0
42900 294505611734555.0
43200 294509835281912.0
43500 294510642150489.0
43800 294512989865522.0
44100 294513363261559.0
44400 294513600941007.0
44700 294513928559246.0
45000 294514265625289.0
45300 294514619452464.0
45600 294514856432878.0
45900 294515250034383.0
46200 294515478359101.0
46500 294515775651246.0
46800 294516205568443.0
47100 294563832999978.0
47400 294564252207749.0
47700 294564481956565.0
48000 294565397180804.0
48300 294565763735245.0
48600 294565968467542.0
48900 294566280644706.0
49200 294574341644545.0
49500 294603448004840.0
49800 294603812209129.0
50100 294605294273217.0
50400 294606467504412.0
50700 294608745018039.0
51000 294628582370994.0
51300 294811000909413.0
51600 295366124446644.0
51900 295847842996062.0
52200 297076824515950.0
52500 299618661269155.0
52800 302244634925044.0
53100 306012753810868.0
53400 313095233515506.0
53700 318759151948437.0
54000 325363876605606.0
54300 332130178652866.0
54600 339789214472754.0
54900 354091256471080.0
55200 366006891590216.0
55500 377002518701568.0
55800 389755845265050.0
56100 399223890883012.0
56400 406717729222564.0
56700 414768658548042.0
57000 421477319983490.0
57300 429480459514545.0
57600 438480840567013.0
57900 444139222124777.0
58200 452933889955357.0
58500 458650057705367.0
58800 461352614254262.0
59100 463371207777265.0
59400 465881004063267.0
59700 467515067034093.0
60000 468994373725306.0
60300 469927063741190.0
60600 472363586321963.0
60900 475358749251514.0
61200 478801997465533.0
61500 481083601826623.0
61800 484601402497489.0
62100 486860778732450.0
62400 488400814822105.0
62700 490610405875748.0
63000 491839936568391.0
63300 494544954095841.0
63600 496810382574367.0
63900 498722503064095.0
64200 500449168395043.0
64500 502909473792455.0
64800 505888140607124.0
65100 509372419321786.0
65400 513988517966135.0
65700 518721896295664.0
66000 524070458016215.0
66300 528694897100846.0
66600 535128291998269.0
66900 544372398678622.0
67200 549391565230082.0
67500 551681424392977.0
67800 555586204289812.0
68100 559398757950637.0
68400 562693680329207.0
68700 564399926379047.0
69000 568812629000978.0
69300 571204954893455.0
69600 571779529979666.0
69900 571942193397116.0
70200 572000758861155.0
70500 573038258892893.0
70800 573560566550509.0
71100 573761242636498.0
71400 575542804260275.0
71700 580628507921292.0
72000 584343847196243.0
72300 588877718628023.0
72600 596098106811848.0
72900 602329967951076.0
73200 610780343205099.0
73500 618024331536547.0
73800 623911562053793.0
74100 632609542377476.0
74400 638782141713002.0
74700 641450641074037.0
75000 646889303272946.0
75300 648454093439006.0
75600 649193894657971.0
75900 650452898475762.0
76200 653186751916438.0
76500 654847761577896.0
76800 656889780176573.0
77100 660295176540240.0
77400 668159129965080.0
77700 669340193159292.0
78000 670319785068033.0
78300 671832567977632.0
78600 674643216161368.0
78900 677320318390736.0
79200 681025815869470.0
79500 682866373792120.0
79800 683392494562361.0
80100 683834648199651.0
80400 683934784666670.0
80700 684066641568051.0
81000 686342640574148.0
81300 689300845256106.0
81600 689520642418175.0
81900 694279214457375.0
82200 702236816377910.0
82500 709857117457494.0
82800 712173422097969.0
83100 715775349605586.0
83400 719494861030707.0
83700 721175461564046.0
84000 725702607040163.0
84300 733299982744624.0
84600 741430626239643.0
84900 746130779199375.0
85200 751787655301527.0
85500 760726075841990.0
85800 771748677256005.0
86100 776753174951363.0
86400 779247185771519.0
86700 780437173115808.0
