0 0
300 74676756127.0
600 145768117661.0
900 216384412404.0
1200 289113086492.0
1500 364311071064.0
1800 458222420168.0
2100 559334063012.0
2400 648619567677.0
2700 720638415629.0
3000 795507200022.0
3300 866088204622.0
3600 933326297901.0
3900 1001831178770.0
4200 1063725738632.0
4500 1123210460049.0
4800 1185356428205.0
5100 1244532893920.0
5400 1308164013524.0
5700 1368894527722.0
6000 1430298306506.0
6300 1488451802444.0
6600 1559789216891.0
6900 1633080825330.0
7200 1705723231784.0
7500 1772868133262.0
7800 1850470182295.0
8100 1935317901513.0
8400 1988370027786.0
8700 2058212764128.0
9000 2108407320428.0
9300 2154176171309.0
9600 2205201239010.0
9900 2251409692739.0
10200 2296651034008.0
10500 2369524371867.0
10800 2404009644463.0
11100 2436940459773.0
11400 2465224869040.0
11700 2497012789692.0
12000 2533159786377.0
12300 2576128304119.0
12600 2671927225705.0
12900 2706457030825.0
13200 2741748534677.0
13500 2779275853060.0
13800 2807317857292.0
14100 2836326925523.0
14400 2865961169880.0
14700 2893243427154.0
15000 2919012202959.0
15300 2958714082845.0
15600 3024851408631.0
15900 3100809203458.0
16200 3186363716617.0
16500 3247919775520.0
16800 3315568864391.0
17100 3360697978134.0
17400 3395039184677.0
17700 3430721919881.0
18000 3461580038425.0
18300 3512932903427.0
18600 3569461583904.0
18900 3599451023895.0
19200 3635391485517.0
19500 3664448817750.0
19800 3697871416779.0
20100 3730587231978.0
20400 3775338015709.0
20700 3833811148654.0
21000 3898770611719.0
21300 3949336996476.0
21600 3992568403734.0
21900 4043550904312.0
22200 4090320738597.0
22500 4132739866597.0
22800 4195274330095.0
23100 4237781832771.0
23400 4284778302728.0
23700 4347784142115.0
24000 4390547869050.0
24300 4449760909220.0
24600 4541230693123.0
24900 4647116040746.0
25200 4693903941620.0
25500 4738730104419.0
25800 4785738736064.0
26100 4830214073988.0
26400 4875317417428.0
26700 4918483638045.0
27000 4964227733670.0
27300 5014137388329.0
27600 5053623702848.0
27900 5088693489182.0
28200 5136008614072.0
28500 5181997060471.0
28800 5241288838058.0
29100 5299391421195.0
29400 5369569495294.0
29700 5429963450413.0
30000 5491077921140.0
30300 5557660051524.0
30600 5632941122378.0
30900 5726591386367.0
31200 5847047752138.0
31500 5956180329134.0
31800 6064498361904.0
32100 6143558683817.0
32400 6220084018141.0
32700 6295171100636.0
33000 6384663731581.0
33300 6481970688870.0
33600 6565706582091.0
33900 6647782670034.0
34200 6719106168243.0
34500 6791419965662.0
34800 6908560504399.0
35100 7059759225619.0
35400 7177067493920.0
35700 7286682459334.0
36000 7374227922297.0
36300 7454510316615.0
36600 7540348804741.0
36900 7618491583022.0
37200 7690267126961.0
37500 7760846452911.0
37800 7833908950796.0
38100 7903315411275.0
38400 7973640227300.0
38700 8043034053096.0
39000 8120568905880.0
39300 8231830105459.0
39600 8361230803843.0
39900 8488923508954.0
40200 8603206567880.0
40500 8692890080465.0
40800 8778219662889.0
41100 8865555949025.0
41400 8920473118477.0
41700 8989796140218.0
42000 9062187087537.0
42300 9133107312924.0
42600 9196020635688.0
42900 9257582298951.0
43200 9340137874073.0
43500 9427892272638.0
43800 9488718214318.0
44100 9535358769143.0
44400 9574466155594.0
44700 9612436197389.0
45000 9651587388072.0
45300 9686352532201.0
45600 9724135779465.0
45900 9756585926824.0
46200 9795542316378.0
46500 9838372882648.0
46800 9868763293027.0
47100 9931887490023.0
47400 9977542055993.0
47700 10037562535434.0
48000 10090301036600.0
48300 10152354169096.0
48600 10214400793476.0
48900 10276819271532.0
49200 10341638625628.0
49500 10389478812378.0
49800 10436908879977.0
50100 10474068175690.0
50400 10527772669821.0
50700 10569090616778.0
51000 10660592162728.0
51300 10738197668923.0
51600 10799009867099.0
51900 10862372250119.0
52200 10916171979588.0
52500 10964736516599.0
52800 11011005190658.0
53100 11059528144525.0
53400 11096101662394.0
53700 11142058164941.0
54000 11186439220440.0
54300 11240653792273.0
54600 11282480667380.0
54900 11324162001333.0
55200 11370802049916.0
