0 0
300 1927751126.0
600 1939496541.0
900 1955222418.0
1200 2390653951.0
1500 216852125158.0
1800 216867118688.0
2100 216890809552.0
2400 8287320111754.0
2700 25781494977405.0
3000 43521725154014.0
3300 47240032248005.0
3600 48841804344938.0
3900 51454318512052.0
4200 66766167460374.0
4500 98216669351261.0
4800 107012179693232.0
5100 152769618060343.0
5400 186346987674702.0
5700 192287697958705.0
6000 200344513154985.0
6300 210309287642595.0
6600 216452952321646.0
6900 225776563294787.0
7200 235989888900228.0
7500 248706982143178.0
7800 256275137657643.0
8100 266053714798568.0
8400 273722148223961.0
8700 285705947411633.0
9000 298647722452393.0
9300 307729743281296.0
9600 319459438808140.0
9900 334434428032805.0
10200 346921177935875.0
10500 354987921644943.0
10800 363562804588617.0
11100 372706259393523.0
11400 380727870884220.0
11700 394025783292076.0
12000 400531657554225.0
12300 405381031061474.0
12600 460884686625357.0
12900 480896917886700.0
13200 542436094894307.0
13500 609228901893706.0
13800 667795351900647.0
14100 711047510791850.0
14400 774982968755681.0
14700 840059990842903.0
15000 890149833563262.0
15300 938293128217111.0
15600 980974938376864.0
15900 1064045076318321.0
16200 1144374425216959.0
16500 1259797545507027.0
16800 1305137990353632.0
17100 1324230598480607.0
17400 1345033346483133.0
17700 1393945300577047.0
18000 1415367325313928.0
18300 1430115616838277.0
18600 1447957387171107.0
18900 1468686488029737.0
19200 1489240362850466.0
19500 1500648572557851.0
19800 1508243465984173.0
20100 1512374476256806.0
20400 1514443343529265.0
20700 1531313340176763.0
21000 1541494908668741.0
21300 1545882335589464.0
21600 1551292387057310.0
21900 1565293276216057.0
22200 1570248473505739.0
22500 1576874234674870.0
22800 1594013418104920.0
23100 1599402974311278.0
23400 1599403635553236.0
23700 1599407472540275.0
24000 1599479520513604.0
24300 1599749392014809.0
24600 1599843354571521.0
24900 1599847205170478.0
25200 1599868752198634.0
25500 1599875221421681.0
25800 1599883686407671.0
26100 1599885131048038.0
26400 1600706646124994.0
26700 1603736695075695.0
27000 1603759626013491.0
27300 1603766597973255.0
27600 1603789092218834.0
27900 1604513774203925.0
28200 1605327604389105.0
28500 1605336539203650.0
28800 1605340128517929.0
29100 1605340582818700.0
29400 1605340604669168.0
29700 1605525647322527.0
30000 1605550659166755.0
30300 1605550867295078.0
30600 1605550898571317.0
30900 1605550902560961.0
31200 1605550936936341.0
31500 1605550988594478.0
31800 1605550996250456.0
32100 1605551087047845.0
32400 1605552488399420.0
32700 1605552511302064.0
33000 1605557251704485.0
33300 1605822205565538.0
33600 1605874370352648.0
33900 1605889412118855.0
34200 1605890163206993.0
34500 1605890386067432.0
34800 1605890496864770.0
35100 1605890548547706.0
35400 1605891952610945.0
35700 1605894547238548.0
36000 1605894737372134.0
36300 1605971863372973.0
36600 1605971882891845.0
36900 1606227858527720.0
37200 1606230754068991.0
37500 1606230777785166.0
37800 1606341655649840.0
38100 1606343696890976.0
38400 1606346146139971.0
38700 1606442947609077.0
39000 1606446320896667.0
39300 1606467841055860.0
39600 1606471288592159.0
39900 1606502638153119.0
40200 1606509947931601.0
40500 1606512005138260.0
40800 1606571617143377.0
41100 1606571662488068.0
41400 1606610044001537.0
41700 1606623715995807.0
42000 1606626401187936.0
42300 1606638139237591.0
42600 1606737839427780.0
42900 1606748821128904.0
43200 1606802473981687.0
43500 1606815291562676.0
43800 1606815291564719.0
44100 1606817625873651.0
44400 1606844429447300.0
44700 1606844444530568.0
45000 1606844479476906.0
45300 1606844508570274.0
45600 1606844508574710.0
45900 1606844546234045.0
46200 1606844665630038.0
46500 1606950845725169.0
46800 1606953127542781.0
47100 1606953413893950.0
47400 1606954645713025.0
47700 1606954768227022.0
48000 1606955770636635.0
48300 1606956932943328.0
48600 1606956978584986.0
48900 1606957885474653.0
49200 1606957885474653.0
49500 1606958054758591.0
49800 1606958598236423.0
50100 1606958731139831.0
50400 1606958764905807.0
50700 1606962135559133.0
51000 1606962135559133.0
51300 1606962268696256.0
51600 1606963243403546.0
51900 1606963287616309.0
52200 1606963556321191.0
52500 1606963571027928.0
52800 1606963571027928.0
53100 1606963596522999.0
53400 1606963637709718.0
53700 1606963703564914.0
54000 1606963738416664.0
54300 1606964179632777.0
54600 1606964221073902.0
54900 1606970788590381.0
55200 1606971763167667.0
55500 1606971891829846.0
55800 1606971922924646.0
56100 1606972099369438.0
56400 1606972214153998.0
56700 1606972250280036.0
57000 1606972250345986.0
57300 1606972315440530.0
57600 1606972425787423.0
57900 1606972442343351.0
58200 1606972576617123.0
58500 1606972636623795.0
58800 1606974166321356.0
59100 1606976030432669.0
59400 1606976057749766.0
59700 1606976245747441.0
60000 1606976245747441.0
60300 1606976289999547.0
60600 1606976312925838.0
60900 1606976330299600.0
61200 1606976356901807.0
61500 1606981052831251.0
61800 1606982396282178.0
62100 1606982435249396.0
62400 1606983592379973.0
62700 1606983714311092.0
63000 1606985867202488.0
63300 1606985867266230.0
63600 1606985867266230.0
63900 1606985978832341.0
64200 1606985995751808.0
64500 1606991631642595.0
64800 1606991706408775.0
65100 1606991743323000.0
65400 1606991745611704.0
65700 1606991882573104.0
66000 1606992485538422.0
66300 1606992498296033.0
66600 1606993766002363.0
66900 1606993786348065.0
67200 1606993791939521.0
67500 1606993824848475.0
67800 1606993835234267.0
68100 1606993853192431.0
68400 1606993879791919.0
68700 1606993891274339.0
69000 1606994597911762.0
69300 1606997274035053.0
69600 1606998289069421.0
69900 1606998410284071.0
70200 1606999136462594.0
70500 1606999808657176.0
70800 1606999883697244.0
71100 1607000193459454.0
71400 1607000303275415.0
71700 1607001277067312.0
72000 1607001502384497.0
72300 1607001528588762.0
72600 1607001528588762.0
72900 1607001555937693.0
73200 1607002486346203.0
73500 1607002578748574.0
73800 1607002606070797.0
74100 1607002612076257.0
74400 1607380974752365.0
74700 1609187249862694.0
75000 1610852310613320.0
75300 1613250774700597.0
75600 1614442488173351.0
75900 1615996085209278.0
76200 1618096770813371.0
76500 1619884740822509.0
76800 1619993870792333.0
77100 1619996714603827.0
77400 1619999434741860.0
77700 1620002059768775.0
78000 1620002059770811.0
78300 1620002743317168.0
78600 1620002894488055.0
78900 1620005913306957.0
79200 1620006595754042.0
79500 1620006603261514.0
79800 1620008609326306.0
80100 1620008793356728.0
80400 1620042209045802.0
80700 1620042225867895.0
81000 1620042537062180.0
81300 1620042542954260.0
81600 1620043695664451.0
81900 1620043865970889.0
82200 1620044009587859.0
82500 1620044255739805.0
82800 1620044576761248.0
83100 1620044705993085.0
83400 1620044782459254.0
83700 1620044797842052.0
84000 1620045592261483.0
84300 1620045848353596.0
84600 1620045859133553.0
84900 1620045898341975.0
85200 1620045898341975.0
85500 1620045898824284.0
85800 1620045918176859.0
