0 0
300 12342940413.0
600 26030794069.0
900 39619167815.0
1200 48677788487.0
1500 57815488375.0
1800 63622407636.0
2100 79670950195.0
2400 93888714389.0
2700 101406401376.0
3000 111178557146.0
3300 128451244407.0
3600 137284509787.0
3900 143374471428.0
4200 150770207239.0
4500 156189666920.0
4800 167524748456.0
5100 172174634860.0
5400 178866017037.0
5700 187643996444.0
6000 193632719598.0
6300 206507168806.0
6600 215800280867.0
6900 229492376830.0
7200 239203936094.0
7500 243378153478.0
7800 250243166001.0
8100 255187409928.0
8400 263125446958.0
8700 274253248535.0
9000 282129069910.0
9300 286962966272.0
9600 291985034905.0
9900 299754313615.0
10200 308939326779.0
10500 326845517757.0
10800 338578569939.0
11100 345698109265.0
11400 350961197234.0
11700 357656605470.0
12000 362730485436.0
12300 371849514142.0
12600 380329207258.0
12900 386296195881.0
13200 390360080700.0
13500 393085968837.0
13800 397030108900.0
14100 407448836840.0
14400 412189700647.0
14700 416123747757.0
15000 419767324673.0
15300 421487834848.0
15600 423929025982.0
15900 428017760874.0
16200 432978452291.0
16500 439057661841.0
16800 447148646816.0
17100 451885459373.0
17400 454864207584.0
17700 462711007956.0
18000 466907142591.0
18300 470304559085.0
18600 473473856063.0
18900 476382701404.0
19200 479419702940.0
19500 483477600597.0
19800 487062497030.0
20100 490518804624.0
20400 493727609158.0
20700 494393325919.0
21000 497750529712.0
21300 504114723417.0
21600 508311959162.0
21900 512265168174.0
22200 514081959662.0
22500 515905035929.0
22800 518633115803.0
23100 521027167463.0
23400 524110341861.0
23700 526670785279.0
24000 527889837044.0
24300 529625014198.0
24600 531784145010.0
24900 535401030793.0
25200 539294239437.0
25500 542412421601.0
25800 544868237941.0
26100 546772413035.0
26400 550086280052.0
26700 552119163317.0
27000 554792584450.0
27300 558327016478.0
27600 559496898805.0
27900 561182840101.0
28200 562620770642.0
28500 566413352074.0
28800 571281695227.0
29100 574248760074.0
29400 576357856739.0
29700 579566075781.0
30000 581824481062.0
30300 584381155756.0
30600 587485813150.0
30900 590613168259.0
31200 593344190970.0
31500 594825801965.0
31800 597329362061.0
32100 602136760434.0
32400 606792668934.0
32700 609550310778.0
33000 613623085194.0
33300 616355691782.0
33600 618587268205.0
33900 622164439919.0
34200 625025999241.0
34500 627260003690.0
34800 631828711692.0
35100 636961078880.0
35400 640417295558.0
35700 646207107492.0
36000 652431447971.0
36300 656032847206.0
36600 660035157626.0
36900 663997687467.0
37200 667593386832.0
37500 672077594850.0
37800 677373526519.0
38100 680958709280.0
38400 687250854193.0
38700 698221245212.0
39000 702995074238.0
39300 708942216774.0
39600 714203477967.0
39900 719051103998.0
40200 724672225763.0
40500 730559909552.0
40800 735710805137.0
41100 739029797742.0
41400 746587921974.0
41700 753514623268.0
42000 760049184638.0
42300 768867464324.0
42600 775934761806.0
42900 786568173135.0
43200 793174561492.0
43500 798387033899.0
43800 803683956768.0
44100 808094764089.0
44400 814406058183.0
44700 822979165691.0
45000 832213679290.0
45300 839522911229.0
45600 844378455262.0
45900 849767364881.0
46200 857833562099.0
46500 866620327753.0
46800 874863970523.0
47100 880631196909.0
47400 887082744060.0
47700 896003048804.0
48000 902933332167.0
48300 910169027363.0
48600 916670709506.0
48900 924614055260.0
49200 932477771794.0
49500 938920971934.0
49800 948706594379.0
50100 958276513407.0
50400 968437952471.0
50700 975296687771.0
51000 981548052230.0
51300 989989479282.0
51600 1061379991036.0
51900 1071795299259.0
52200 1083375903700.0
52500 1092525656299.0
52800 1102582006875.0
53100 1113042704819.0
53400 1131171648289.0
53700 1140070264342.0
54000 1150199394413.0
54300 1157946566688.0
54600 1167279914800.0
54900 1176828342883.0
55200 1193692812384.0
55500 1201818585237.0
55800 1210737684041.0
56100 1225304248863.0
56400 1239389915361.0
56700 1251960473640.0
57000 1261196862070.0
57300 1272339682975.0
57600 1280692220614.0
57900 1290060453660.0
58200 1300715480419.0
58500 1313568735139.0
58800 1324947297041.0
59100 1333481955379.0
59400 1344812116409.0
59700 1355569612629.0
60000 1362522866681.0
60300 1373054719916.0
60600 1383038427999.0
60900 1393820584824.0
61200 1402770741398.0
61500 1413512352492.0
61800 1424587615042.0
62100 1437423649727.0
62400 1446841069352.0
62700 1456288926755.0
63000 1470533351547.0
63300 1485825483439.0
63600 1497815197953.0
63900 1511843648672.0
64200 1531217348330.0
64500 1552346786752.0
64800 1564425374503.0
65100 1572763344109.0
65400 1585187727568.0
65700 1594831188546.0
66000 1605178533166.0
66300 1618557361171.0
66600 1631987710501.0
66900 1645075191440.0
67200 1653151285678.0
67500 1673144789847.0
67800 1693969344946.0
68100 1712643390788.0
68400 1724952126631.0
68700 1731631016860.0
69000 1744857507269.0
69300 1754360393884.0
69600 1768389769653.0
69900 1781844592507.0
70200 1790673942158.0
70500 1803040116931.0
70800 1815010373044.0
71100 1832842932587.0
71400 1847840663529.0
71700 1860840911958.0
72000 1870551181345.0
72300 1878565392662.0
72600 1890857883177.0
72900 1902117185722.0
73200 1911587648554.0
73500 1922832222504.0
73800 1932338378463.0
74100 1942458517819.0
74400 1950813607263.0
74700 1964346820079.0
75000 1977391140003.0
75300 1988686229087.0
75600 2000959297201.0
75900 2012988157370.0
76200 2023632443422.0
76500 2034050270093.0
76800 2044277089501.0
77100 2054005554401.0
77400 2064910148452.0
77700 2076716150342.0
78000 2086458129164.0
78300 2099626055446.0
78600 2112503598662.0
78900 2126425600290.0
79200 2136888265322.0
79500 2143282530151.0
79800 2154891575875.0
80100 2165246869892.0
80400 2178118653704.0
80700 2188262665773.0
81000 2199082910887.0
81300 2209901204109.0
81600 2219425863675.0
81900 2233286031960.0
82200 2249741825383.0
82500 2264243686165.0
82800 2273291952906.0
83100 2283421802155.0
83400 2296157802594.0
83700 2309487577002.0
84000 2320828248238.0
84300 2327503349134.0
84600 2336563117526.0
84900 2345419126013.0
85200 2351803370147.0
85500 2359995047759.0
85800 2369973033929.0
86100 2380320764681.0
86400 2389061680348.0
86700 2392083568093.0
