0 0
300 38024854454631.0
600 75942142192720.0
900 112998868504949.0
1200 151741461709565.0
1500 190491475449069.0
1800 228758262965774.0
2100 266877200853665.0
2400 304576306206047.0
2700 341686929896966.0
3000 379320455129578.0
3300 416294010764324.0
3600 453041553202114.0
3900 489301996141098.0
4200 524514694854894.0
4500 558650153712819.0
4800 592492585506184.0
5100 627049650937266.0
5400 661880960566407.0
5700 696561374077143.0
6000 730634606447178.0
6300 764022322042105.0
6600 794691173894972.0
6900 826761594332174.0
7200 857926408116823.0
7500 889221743187490.0
7800 919493267675584.0
8100 950392125941139.0
8400 982181713184489.0
8700 1012555190448796.0
9000 1043120598688977.0
9300 1073570047383699.0
9600 1103472148402582.0
9900 1132703785710063.0
10200 1162200729616305.0
10500 1190958146258863.0
10800 1219691663839944.0
11100 1248425659318830.0
11400 1276143508638878.0
11700 1303254005622852.0
12000 1329464531413601.0
12300 1356641915707730.0
12600 1383415980061902.0
12900 1409303679957239.0
13200 1434062615611704.0
13500 1459831080295396.0
13800 1485358572868740.0
14100 1510635923520644.0
14400 1536167235809909.0
14700 1561224311710414.0
15000 1585465852356922.0
15300 1610113983266081.0
15600 1633829775542937.0
15900 1657044620871918.0
16200 1680925213388254.0
16500 1704719693149357.0
16800 1729108118813382.0
17100 1754526013190455.0
17400 1780836331147905.0
17700 1806356641841297.0
18000 1832113244532664.0
18300 1857579991664616.0
18600 1882233929618094.0
18900 1906995168894089.0
19200 1931994436078159.0
19500 1957192903125792.0
19800 1982492224110260.0
20100 2008352628777443.0
20400 2033029061983894.0
20700 2057597811854561.0
21000 2081041366278743.0
21300 2104695233012433.0
21600 2127901305089449.0
21900 2139062236552367.0
