0 0
30 96489413153016.0
60 198926406356558.0
90 300764520262205.0
120 402090862901551.0
150 502732516674574.0
180 603031882340728.0
210 703018581131638.0
240 802997403967664.0
270 902861534654714.0
300 1002413268955406.0
330 1101651541255687.0
360 1200673099480217.0
390 1286406032053498.0
420 1385635412373065.0
450 1485006693096924.0
480 1584906214299744.0
510 1684604604868656.0
540 1784438454926180.0
570 1884240663451798.0
600 1983720674583164.0
630 2083197791287687.0
660 2182623650056407.0
690 2281930463725172.0
720 2381329605945854.0
750 2474390978096646.0
780 2574287631922124.0
810 2673242820352292.0
840 2772934489139653.0
870 2873281771209528.0
900 2973493013569622.0
930 3073824478965200.0
960 3173853049256936.0
990 3273780827033866.0
1020 3374111785455653.0
1050 3474285061553929.0
1080 3574646281633146.0
1110 3662170704529137.0
1140 3762777380621894.0
1170 3863819092961296.0
1200 3964524514395672.0
1230 4064939516663257.0
1260 4165623996692697.0
1290 4266599694248648.0
1320 4367689272366096.0
1350 4468743982197717.0
1380 4569962041604964.0
1410 4671605421334666.0
1440 4772967952684598.0
1470 4873796065917154.0
1500 4970354797450133.0
1530 5072031709306063.0
1560 5173399215870897.0
1590 5274592706718810.0
1620 5375933806994604.0
1650 5477607886682744.0
1680 5578965958354554.0
1710 5680392013157254.0
1740 5782356067521774.0
1770 5884249164533196.0
1800 5986025864638373.0
1830 6087910717677334.0
1860 6174067014038532.0
1890 6276415562708031.0
1920 6378906085121551.0
1950 6481342555185117.0
1980 6583482866975403.0
2010 6685363609203447.0
2040 6787297370159875.0
2070 6889735297286997.0
2100 6992029573868437.0
2130 7094216903298953.0
2160 7196431961274956.0
2190 7298620455740303.0
2220 7390503375160641.0
2250 7390503392088347.0
2280 7390503465379901.0
2310 7390503465379901.0
2340 7390503560911173.0
2370 7390503560911173.0
2400 7392868428425502.0
2430 7409966568265843.0
2460 7469463614952179.0
2490 7615378360726971.0
2520 7767919246447668.0
2550 7913165273383680.0
2580 8049015004451192.0
2610 8169622067628561.0
2640 8280244707589342.0
2670 8389215249675314.0
2700 8496511498466000.0
2730 8602110515694055.0
2760 8706675855454702.0
2790 8810075606768632.0
2820 8912718480572183.0
2850 9014200689835076.0
2880 9115525150470184.0
2910 9215978332294680.0
2940 9313955961538066.0
2970 9415001575894832.0
3000 9515202506438580.0
3030 9616147283804536.0
3060 9717990851536204.0
3090 9819457577694032.0
3120 9920001256571996.0
3150 1.002130827757014e+16
3180 1.0122862166638216e+16
3210 1.0224084537157268e+16
3240 1.0324877865053464e+16
3270 1.0425928368799624e+16
3300 1.052642318912946e+16
3330 1.0627156227557304e+16
3360 1.0728139081288172e+16
3390 1.0829671489497716e+16
3420 1.0930193541541828e+16
3450 1.1030605846421196e+16
3480 1.1131771616893496e+16
3510 1.1232746456901092e+16
3540 1.1333955910888364e+16
3570 1.1434826033870308e+16
3600 1.1535782426146064e+16
3630 1.1633725112253356e+16
3660 1.173422420161169e+16
3690 1.1834759669542192e+16
3720 1.1935720021286212e+16
3750 1.203679690886602e+16
3780 1.2137875816139536e+16
3810 1.2239349904946244e+16
3840 1.2340184603083318e+16
3870 1.2441074083930612e+16
3900 1.2541393258143976e+16
3930 1.264196052429022e+16
3960 1.2743167668708652e+16
3990 1.2843898127476396e+16
4020 1.2944883064820008e+16
4050 1.3045230919046776e+16
4080 1.3117360171565216e+16
4110 1.3117360367284372e+16
4140 1.3117360367284372e+16
4170 1.3117360462835588e+16
4200 1.3120639382369288e+16
4230 1.3131178328856788e+16
4260 1.318922726426188e+16
4290 1.3283258068304668e+16
4320 1.3379052685730856e+16
4350 1.3474842851079712e+16
4380 1.3570404700085228e+16
4410 1.3665997709358924e+16
4440 1.3762891900562312e+16
4470 1.3858970924367752e+16
4500 1.3930657161045996e+16
4530 1.4019503435775924e+16
4560 1.4116114509915488e+16
4590 1.4213126285259844e+16
4620 1.431033789248214e+16
4650 1.4407952921796048e+16
4680 1.4505046780237028e+16
4710 1.460295157504654e+16
4740 1.4700492583410316e+16
4770 1.4798269474877128e+16
4800 1.4858093512188308e+16
4830 1.4929965718705138e+16
4860 1.50278227430552e+16
4890 1.5125840199890448e+16
4920 1.5217752540722704e+16
4950 1.5315599583271648e+16
4980 1.5413230661491996e+16
5010 1.5511616533758564e+16
5040 1.5565460281313592e+16
5070 1.5659393168727656e+16
5100 1.5757727619946064e+16
5130 1.5855702812835756e+16
5160 1.5953536379902872e+16
5190 1.6005227016177316e+16
5220 1.6102072094545544e+16
5250 1.6200718245894004e+16
5280 1.6298830213313732e+16
5310 1.6396855425108736e+16
5340 1.6494935189079404e+16
5370 1.6593206761232108e+16
5400 1.6670869091786708e+16
