0 0
300 6322997787416.0
600 13833145078059.0
900 22929804483777.0
1200 31956645179231.0
1500 39611347457330.0
1800 48528615285885.0
2100 57669990853300.0
2400 66092556835234.0
2700 73365285866076.0
3000 81307544707583.0
3300 89553115267063.0
3600 100177305217888.0
3900 110148562999232.0
4200 119112759112704.0
4500 130325786131411.0
4800 140329667620125.0
5100 152171526753009.0
5400 161653494093101.0
5700 174665274095697.0
6000 190016068069433.0
6300 222861182536936.0
6600 242865104692067.0
6900 266659719333581.0
7200 283741182153959.0
7500 310654172582160.0
7800 328432837406286.0
8100 354664087974435.0
8400 451542981542186.0
8700 602573496064417.0
9000 872036209570105.0
9300 1097561955680506.0
9600 1409371084323051.0
9900 1554603404481349.0
10200 1581292806063963.0
10500 1606291731321756.0
10800 1621855530569599.0
11100 1642007571400789.0
11400 1701698730748017.0
11700 1754268975595470.0
12000 1792884614476601.0
12300 1822378851532628.0
12600 1846169838245010.0
12900 1871476821558377.0
13200 1889237533585138.0
13500 1941116030121251.0
13800 1967522924548697.0
14100 1985472064792772.0
14400 2002471861071259.0
14700 2026049734991855.0
15000 2039311488636722.0
15300 2056527607273257.0
15600 2065189641822496.0
15900 2074242558244917.0
16200 2083401594082430.0
16500 2092055529999082.0
16800 2100362340090768.0
17100 2115113908675294.0
17400 2139035435782148.0
17700 2356826887098060.0
18000 2703880341768437.0
18300 2727639462717789.0
18600 2793369729582363.0
18900 2809377970891602.0
19200 2831468896140566.0
19500 2844864396646666.0
19800 2857616954110452.0
20100 2866025883711869.0
20400 2872242768669312.0
20700 2878093455722886.0
21000 2884154464646964.0
21300 2892338826537996.0
21600 2914559349985033.0
21900 2954998569892975.0
22200 3092925767425176.0
22500 3244138364684521.0
22800 3277692865648196.0
23100 3332219819686706.0
23400 3346066904076725.0
23700 3355972838294270.0
24000 3365828138039525.0
24300 3375381920635594.0
24600 3400730769997651.0
24900 3411782439986767.0
25200 3425547499036056.0
25500 3437521476924492.0
25800 3465295126576540.0
26100 3481800648288905.0
26400 3497389351624532.0
26700 3508876583945467.0
27000 3534546954436070.0
27300 3567241787138516.0
27600 3579088590191149.0
27900 3596527855775716.0
28200 3641078585272065.0
28500 3663439082979501.0
28800 3698073581334403.0
29100 3713743647640603.0
29400 3750982374808140.0
29700 3770741301524973.0
30000 3801299605241263.0
30300 3939555157447070.0
30600 4123770304439757.0
30900 4184231246513865.0
31200 4325811010474852.0
31500 4708726556611806.0
31800 4734246505075234.0
32100 4758849398380262.0
32400 4776415949143765.0
32700 4796788462420681.0
33000 5191899792879568.0
33300 5216196676630547.0
33600 5239283070272400.0
33900 5255607901868273.0
34200 5275055720657093.0
34500 5285026098886246.0
34800 5301953263534868.0
35100 5315816285503204.0
35400 5333910904691909.0
35700 5373189294468460.0
36000 5384115841850908.0
36300 5392730781472052.0
36600 5400177024172512.0
36900 5408907659458254.0
37200 5416507458396374.0
37500 5426507842395335.0
37800 5436968197826822.0
38100 5442563985049414.0
38400 5448377368561351.0
38700 5456001442593753.0
39000 5579706560027114.0
39300 5793272382302188.0
39600 6443345719439284.0
39900 6909704824048467.0
40200 6924918333285956.0
40500 6937590167208479.0
40800 6995339911866251.0
41100 7008694836019040.0
41400 7024541270483001.0
41700 7030696194397314.0
42000 7034492085123308.0
42300 7038950774970778.0
42600 7044022998713129.0
42900 7051063914995391.0
43200 7057382854169150.0
43500 7064089077185362.0
43800 7322210234522451.0
44100 7356101641522642.0
44400 7696915435510014.0
44700 7712621052680841.0
45000 7717336100262122.0
45300 7725160562318871.0
45600 7730419694309458.0
45900 7743103501111676.0
46200 7750531290885178.0
46500 7758783824711792.0
46800 7764401467513860.0
47100 7770056310094058.0
47400 7778976335784454.0
47700 7789252239534897.0
48000 7802816457656459.0
48300 7817349820035274.0
48600 8050965514820720.0
48900 8082442873502294.0
49200 8108802691818820.0
49500 8116184420577464.0
49800 8122840955592066.0
50100 8128562285767980.0
50400 8133694166965373.0
50700 8140891966187169.0
51000 8154818546433735.0
51300 8166387064175628.0
51600 8180340124585938.0
51900 8203429491719984.0
52200 8211589660754951.0
52500 8222663933006315.0
52800 8231968413789502.0
53100 8254524081911522.0
53400 8300142841252767.0
53700 8327461684557891.0
54000 8339085946499475.0
54300 8377020184901280.0
54600 8434956814346861.0
54900 8439910432581483.0
55200 8445217229994806.0
55500 8451290494599867.0
55800 8470141079503647.0
56100 9061013693820786.0
56400 9089940135738960.0
56700 9107656612835784.0
57000 9158949972592484.0
57300 9175859981328068.0
57600 9609828001518792.0
57900 1.0359380266389648e+16
58200 1.0630477421999884e+16
58500 1.145493943227477e+16
58800 1.1785172066924448e+16
59100 1.1791022463650318e+16
59400 1.1803127926793996e+16
59700 1.1966763724016864e+16
60000 1.1976899524644052e+16
60300 1.1981027508936418e+16
60600 1.2002247878958822e+16
60900 1.2074477419994236e+16
61200 1.2117603359899928e+16
61500 1.2189578119078728e+16
61800 1.2230951189867048e+16
62100 1.2365544565986712e+16
62400 1.2409167717800024e+16
62700 1.2597559802011468e+16
63000 1.2628902356117636e+16
63300 1.2791872828951548e+16
63600 1.2825146805554416e+16
63900 1.2829517998510128e+16
64200 1.2842633825759924e+16
64500 1.2849260202885708e+16
64800 1.2852079361128632e+16
65100 1.2864549065456948e+16
65400 1.2872468298009392e+16
65700 1.2878174766116272e+16
66000 1.2882277446124368e+16
66300 1.2885971877058528e+16
66600 1.2892174578366644e+16
66900 1.2902329981017598e+16
67200 1.29198424926547e+16
67500 1.314781827713419e+16
67800 1.3228064161043398e+16
68100 1.3668354291323364e+16
68400 1.37841725240462e+16
68700 1.380538201875865e+16
69000 1.3831200190226894e+16
69300 1.385064221932762e+16
69600 1.387156193929753e+16
69900 1.3884009087974996e+16
70200 1.3902468643941892e+16
70500 1.3914347702870806e+16
70800 1.3943725552406476e+16
71100 1.3985447671613762e+16
71400 1.4052175944117142e+16
71700 1.407391553424216e+16
72000 1.4127778551637528e+16
72300 1.4438702173551788e+16
72600 1.4849614514078908e+16
72900 1.5688941277641712e+16
73200 1.5975148960810942e+16
73500 1.6181329523403096e+16
73800 1.6470764361786512e+16
74100 1.656779512368686e+16
74400 1.6760879793085964e+16
74700 1.6792679236265e+16
75000 1.693224583551681e+16
75300 1.74059683065918e+16
75600 1.7596279624594168e+16
75900 1.7754336109504144e+16
76200 1.777403249100923e+16
76500 1.7811589135738256e+16
76800 1.8039827370051184e+16
77100 1.838867732086244e+16
77400 1.920146100913437e+16
77700 1.984681064687069e+16
78000 2.0279214732065324e+16
78300 2.079502883402292e+16
78600 2.09756757671248e+16
78900 2.1001862722940852e+16
79200 2.1036928189230964e+16
79500 2.1055539435503576e+16
79800 2.126945293188382e+16
80100 2.1307786179436016e+16
80400 2.1471619791394176e+16
80700 2.162899198070547e+16
81000 2.1695567277386188e+16
81300 2.1813337033366668e+16
81600 2.208725733307564e+16
81900 2.2111466238163376e+16
82200 2.260086168579173e+16
82500 2.3296660721446412e+16
82800 2.350542884172164e+16
83100 2.3799685606424504e+16
83400 2.388695460239503e+16
83700 2.389653333520747e+16
84000 2.391076312226558e+16
84300 2.3920939030450292e+16
84600 2.396853410122563e+16
84900 2.3983121920732464e+16
85200 2.399671613134424e+16
85500 2.400507395795573e+16
85800 2.404768813114483e+16
86100 2.4055736069432628e+16
86400 2.4073651118013676e+16
86700 2.4079329637671056e+16
