0 0
300 51487095191.0
600 84614771131.0
900 101974996084.0
1200 120245153997.0
1500 132680410336.0
1800 146344626148.0
2100 160372074129.0
2400 173849427765.0
2700 188531422251.0
3000 202749376651.0
3300 215264105630.0
3600 229219836851.0
3900 244113655869.0
4200 257467143075.0
4500 269078118285.0
4800 280514706336.0
5100 290837061611.0
5400 302598069791.0
5700 314624479549.0
6000 324454207627.0
6300 333408518090.0
6600 342915943169.0
6900 352262410478.0
7200 360661422028.0
7500 369778167301.0
7800 378259657417.0
8100 385550506870.0
8400 393475467706.0
8700 400701706884.0
9000 408188837125.0
9300 417458386119.0
9600 425737702591.0
9900 432758088312.0
10200 440183349548.0
10500 447387298743.0
10800 456356457467.0
11100 498433979577.0
11400 507905961791.0
11700 516557259441.0
12000 527839286250.0
12300 535518596325.0
12600 547582587379.0
12900 556743067953.0
13200 564393758740.0
13500 571896499497.0
13800 581834609241.0
14100 588374240485.0
14400 593069264937.0
14700 598554554441.0
15000 603821547843.0
15300 608169061785.0
15600 613392711925.0
15900 617251235438.0
16200 621397295544.0
16500 625958548193.0
16800 629761572797.0
17100 635489549505.0
17400 639254115514.0
17700 643893231536.0
18000 647766512226.0
18300 651388285768.0
18600 655516855875.0
18900 658918869667.0
19200 662129785391.0
19500 665003159196.0
19800 668200096289.0
20100 671483843565.0
20400 674232072342.0
20700 677053705966.0
21000 680076312807.0
21300 683291013045.0
21600 686574062096.0
21900 690221214535.0
22200 692652868142.0
22500 696252681641.0
22800 699196354757.0
23100 701501152734.0
23400 704417125831.0
23700 707943396916.0
24000 711219154254.0
24300 713895821563.0
24600 716601029948.0
24900 719652865084.0
25200 722131546339.0
25500 725531737734.0
25800 728163124387.0
26100 731357251083.0
26400 734564645562.0
26700 737572037151.0
27000 741472426591.0
27300 744629925563.0
27600 747875976138.0
27900 752345636307.0
28200 756116971217.0
28500 763125923094.0
28800 766966033167.0
29100 772296825125.0
29400 776966530632.0
29700 783942079556.0
30000 788176578821.0
30300 792785853746.0
30600 798479690213.0
30900 804341128457.0
31200 810890764458.0
31500 816904645316.0
31800 823583893243.0
32100 830574315287.0
32400 836812400709.0
32700 846120879739.0
33000 854821831463.0
33300 862144751947.0
33600 868944277469.0
33900 876143303273.0
34200 883990918087.0
34500 892456738650.0
34800 900033533614.0
35100 908070083851.0
35400 917612310068.0
35700 926267904423.0
36000 934330489669.0
36300 944136798489.0
36600 952759201184.0
36900 961655240085.0
37200 970001233939.0
37500 978878660488.0
37800 988345243814.0
38100 999398095709.0
38400 1009023504299.0
38700 1018571856017.0
39000 1034153756513.0
39300 1045788263326.0
39600 1055782724879.0
39900 1066527988160.0
40200 1076602655618.0
40500 1087388722418.0
40800 1097076733926.0
41100 1106746441524.0
41400 1116756239444.0
41700 1130319830021.0
42000 1140448678672.0
42300 1151444018817.0
42600 1166381977012.0
42900 1180636042643.0
43200 1191623255839.0
43500 1204207101108.0
43800 1215616815961.0
44100 1227426851426.0
44400 1238326461883.0
44700 1248903391104.0
45000 1259922342298.0
45300 1272267721679.0
45600 1283208594064.0
45900 1298545776604.0
46200 1309092340778.0
46500 1322373096176.0
46800 1333216105150.0
47100 1346993228114.0
47400 1359812406605.0
47700 1373610442734.0
48000 1385077085767.0
48300 1396979873145.0
48600 1409790367905.0
48900 1424542112410.0
49200 1435946705260.0
49500 1448652744542.0
49800 1459963215561.0
50100 1473378886778.0
50400 1484808591426.0
50700 1499612614241.0
51000 1512005126474.0
51300 1524990889856.0
51600 1537015178773.0
51900 1556947978430.0
52200 2074688996540.0
52500 2237008497723.0
52800 2251386656280.0
53100 2271281366482.0
53400 2285094984610.0
53700 2314070195125.0
54000 2326879076801.0
54300 2342283431737.0
54600 2356989702310.0
54900 2372580307154.0
55200 2386208591309.0
55500 2399824895447.0
55800 2413296585753.0
56100 2429383911923.0
56400 2443094163167.0
56700 2456837044534.0
57000 2470467654552.0
57300 2487935632516.0
57600 2501647299318.0
57900 2519620844992.0
58200 2533163732578.0
58500 2547052793791.0
58800 2561485976849.0
59100 2575064557316.0
59400 2591231443974.0
59700 2608978210349.0
60000 2624067922178.0
60300 2639854946767.0
60600 2653625326928.0
60900 2668193621071.0
61200 2682172396341.0
61500 2699278389606.0
61800 2714377802752.0
62100 2729286530059.0
62400 2744020377856.0
62700 2757592869648.0
63000 2772913458935.0
63300 2789822003289.0
63600 2804643288648.0
63900 2821028174553.0
64200 2835749685570.0
64500 2852383271939.0
64800 2867583913388.0
65100 2884905998941.0
65400 2901086632661.0
65700 2917489748288.0
66000 2931974233963.0
66300 2947079468031.0
66600 2962765269671.0
66900 2980626173424.0
67200 3007921919252.0
67500 3024651846161.0
67800 3039539929706.0
68100 3055334546084.0
68400 3072125324678.0
68700 3089076834023.0
69000 3103191150110.0
69300 3120187742037.0
69600 3137171353535.0
69900 3152688829701.0
70200 3168001803555.0
70500 3186425883328.0
70800 3200942613921.0
71100 3226575046771.0
71400 3241871367548.0
71700 3263987461400.0
72000 3280239575582.0
72300 3300934309499.0
72600 3317091433792.0
72900 3333864089362.0
73200 3349907524665.0
73500 3365160067882.0
73800 3382987856036.0
74100 3401513121909.0
74400 3418152101600.0
74700 3433659229210.0
75000 3449478686198.0
75300 3472188311344.0
75600 3493313371207.0
75900 3515243760382.0
76200 3534018239291.0
76500 3550865698896.0
76800 3565587287508.0
77100 3580945537847.0
77400 3598475980385.0
77700 3617983649432.0
78000 3634609905863.0
78300 3653547093963.0
78600 3668785991168.0
78900 3685562954021.0
79200 3700426355401.0
79500 3719316256488.0
79800 3735831408505.0
80100 3752209300744.0
80400 3767669599173.0
80700 3783422619247.0
81000 3803061630126.0
81300 3818719532533.0
81600 3833056216731.0
81900 3850380712700.0
82200 3865956661533.0
82500 3882983894714.0
82800 3901350159137.0
83100 3919684457789.0
83400 3934719037678.0
83700 3949877966617.0
84000 3968599159191.0
84300 3981018848390.0
84600 3996164462083.0
84900 4009603862220.0
85200 4021412657701.0
85500 4035466707424.0
85800 4046882334995.0
86100 4061931962859.0
86400 4079156408823.0
86700 4088702637146.0
