0 0
300 26006631887696.0
600 51007570092792.0
900 77419720461017.0
1200 103118269391208.0
1500 134278932730335.0
1800 162962186594015.0
2100 193199056229947.0
2400 218620254345806.0
2700 244075440293236.0
3000 268006630414050.0
3300 292649364748937.0
3600 316051309747203.0
3900 340374768430411.0
4200 362933702239361.0
4500 387276933547445.0
4800 409669633769943.0
5100 435990587145502.0
5400 458853872872856.0
5700 481276376360083.0
6000 501580792147447.0
6300 522945386343696.0
6600 543657151357663.0
6900 565181016658759.0
7200 583526428693546.0
7500 602783328602427.0
7800 621219751979406.0
8100 640564316404347.0
8400 676615235252221.0
8700 707282588814404.0
9000 757268983756839.0
9300 782520949250584.0
9600 799901193592278.0
9900 816789890588721.0
10200 834112103892651.0
10500 850976672596284.0
10800 867653623619334.0
11100 883686827264760.0
11400 899586344497144.0
11700 915222525983592.0
12000 930541209076359.0
12300 946357075547552.0
12600 960548096197344.0
12900 975282668752370.0
13200 989641649177143.0
13500 1004736385702860.0
13800 1019639844439948.0
14100 1035304206895998.0
14400 1050115466518500.0
14700 1064679570227775.0
15000 1078474529034542.0
15300 1092893777252324.0
15600 1109937792313581.0
15900 1129087130878626.0
16200 1143618494971111.0
16500 1157602946689218.0
16800 1170731481434925.0
17100 1184437779667779.0
17400 1199986024515552.0
17700 1214551071454173.0
18000 1228083619174959.0
18300 1241205379694495.0
18600 1254460131625346.0
18900 1267621703297532.0
19200 1281510341691933.0
19500 1295620537329733.0
19800 1308548645813052.0
20100 1321984151784731.0
20400 1335750827912718.0
20700 1348442338301356.0
21000 1361583139603254.0
21300 1374309683950562.0
21600 1386900069582371.0
21900 1392135535415713.0
