0 0
300 6396718987740.0
600 13881033580485.0
900 20104537005445.0
1200 26174969658250.0
1500 33007631282267.0
1800 38310775674349.0
2100 43026186906819.0
2400 47720432194823.0
2700 53179815294674.0
3000 57268904722437.0
3300 61696273547091.0
3600 65988568412096.0
3900 70480547001911.0
4200 75933752771685.0
4500 81845070885224.0
4800 87011615264322.0
5100 92510545300303.0
5400 97036635187911.0
5700 101615755580183.0
6000 105689776612326.0
6300 109518540538444.0
6600 113574536989208.0
6900 118071270015614.0
7200 121793512549446.0
7500 125319880569592.0
7800 129049495415488.0
8100 132436931103632.0
8400 137257021095248.0
8700 141578147634770.0
9000 149480585606777.0
9300 154202420826129.0
9600 158116385949286.0
9900 161061415678161.0
10200 164091573780035.0
10500 168365110050247.0
10800 172462829694894.0
11100 174758056525974.0
11400 177414959240126.0
11700 180316122231690.0
12000 182839202162313.0
12300 185659278761770.0
12600 188790727601135.0
12900 192899132581757.0
13200 194841497774040.0
13500 196559636979357.0
13800 198137935056979.0
14100 200427614970260.0
14400 202313482242066.0
14700 203909712137441.0
15000 205769552344289.0
15300 207863161020048.0
15600 210972119468674.0
15900 212592189046782.0
16200 214159917707344.0
16500 215421401162070.0
16800 216816589617682.0
17100 218142452009078.0
17400 220321427631647.0
17700 222751133628366.0
18000 224085450353869.0
18300 226449263019065.0
18600 227574545959120.0
18900 228867984543460.0
19200 230468427521375.0
19500 231855998544814.0
19800 233992152588954.0
20100 237063017174917.0
20400 239890961512787.0
20700 242756188969322.0
21000 244393377742223.0
21300 245582330503284.0
21600 246703301824404.0
21900 247859697022129.0
22200 248867224610811.0
22500 250018814710723.0
22800 251423622295161.0
23100 252846205731470.0
23400 254385317010445.0
23700 255504889003330.0
24000 256408840758977.0
24300 257521894915681.0
24600 258755907479126.0
24900 259628729476995.0
25200 260615332688904.0
25500 261582639491815.0
25800 262657462975389.0
26100 263825342456725.0
26400 264875073659010.0
26700 265969441790396.0
27000 266936908139477.0
27300 268274314990942.0
27600 269264846182821.0
27900 271984386739969.0
28200 275732045558797.0
28500 283093076470923.0
28800 286633614584272.0
29100 287584746350125.0
29400 288713893959927.0
29700 289634995899158.0
30000 291129955558452.0
30300 292244649019155.0
30600 293422329302044.0
30900 294324290508863.0
31200 295241310863133.0
31500 296164930962992.0
31800 297369026266117.0
32100 298179874878782.0
32400 299137370794520.0
32700 300123224872266.0
33000 300999920549862.0
33300 302178830181564.0
33600 306194474556531.0
33900 311568874645887.0
34200 313218829256492.0
34500 314295108928167.0
34800 315246351496390.0
35100 316212452115441.0
35400 317270150860314.0
35700 318672841467698.0
36000 319580324790478.0
36300 320242887862931.0
36600 320988955653578.0
36900 322008297560018.0
37200 322784059130569.0
37500 323632497166234.0
37800 325391491322672.0
38100 326269456781016.0
38400 327160695621214.0
38700 329082765150422.0
39000 329678144163189.0
39300 330399911433038.0
39600 331135360087562.0
39900 331684297415999.0
40200 332180290936132.0
40500 332738324519632.0
40800 333895976211934.0
41100 334620130879961.0
41400 335217678871077.0
41700 336205399675357.0
42000 336755279547531.0
42300 337789598306464.0
42600 338238768143349.0
42900 338817413428639.0
43200 339279148150508.0
43500 339787581836924.0
43800 340179208291539.0
44100 340654106766686.0
44400 341857866172877.0
44700 342764301982688.0
45000 343916794769392.0
45300 344413041490125.0
45600 345286009007720.0
45900 345925020556743.0
46200 425577050413551.0
46500 693860060566262.0
46800 1025181716958402.0
47100 1389161152166309.0
47400 1742232499364447.0
47700 2107903371474818.0
48000 2272189615107354.0
48300 2286917941680087.0
48600 2299972645367452.0
48900 2313193675611008.0
49200 2326488885966004.0
49500 2339678543510680.0
49800 2352640162640844.0
50100 2364338583299205.0
50400 2375373825588794.0
50700 2387334577622054.0
51000 2399234465823726.0
51300 2406657944002831.0
51600 2415755983359980.0
51900 2420226785005685.0
52200 2421709824675633.0
52500 2423393699221564.0
52800 2425199035878806.0
53100 2426861156835863.0
53400 2428986868421193.0
53700 2431218385701201.0
54000 2433394274957488.0
54300 2435557828190840.0
54600 2437470508973299.0
54900 2439152251223370.0
55200 2441713447351432.0
55500 2443316707276630.0
55800 2445145804188475.0
56100 2447204403637940.0
56400 2449011148111094.0
56700 2450997057549077.0
57000 2453040486950706.0
57300 2454815176850863.0
57600 2456672220441372.0
57900 2458695247078447.0
58200 2460663451021842.0
58500 2462803748351649.0
58800 2465541198574384.0
59100 2468630299383035.0
59400 2471398927794535.0
59700 2474464992217897.0
60000 2477401904286250.0
60300 2479869868327960.0
60600 2483587707001400.0
60900 2488057659977884.0
61200 2492083019614208.0
61500 2498028277891818.0
61800 2503482034574728.0
62100 2507570611835510.0
62400 2513095301760429.0
62700 2518806494329776.0
63000 2524618008248658.0
63300 2529402184837183.0
63600 2534492439143200.0
63900 2538994770689709.0
64200 2543718679595619.0
64500 2548991518113977.0
64800 2553613240366569.0
65100 2557882526893052.0
65400 2563497867336442.0
65700 2568906201040084.0
66000 2575442516528002.0
66300 2581478144039939.0
66600 2590031656605335.0
66900 2597799582601499.0
67200 2604332813835866.0
67500 2610875955197429.0
67800 2617476328975935.0
68100 2625348400965339.0
68400 2632040919744504.0
68700 2640098394209569.0
69000 2649082193362718.0
69300 2658262416564516.0
69600 2668827282911355.0
69900 2677691032692020.0
70200 2685551675988469.0
70500 2693441248651313.0
70800 2700820641809725.0
71100 2707986101025484.0
71400 2714494571521633.0
71700 2721927535159403.0
72000 2728883174813988.0
72300 2737364686761799.0
72600 2746057337115520.0
72900 2753668706023715.0
73200 2761776148615874.0
73500 2768524480608478.0
73800 2774478478188436.0
74100 2780059885921240.0
74400 2785050091330367.0
74700 2790022902337747.0
75000 2794781355274207.0
75300 2800511273864360.0
75600 2811538477733580.0
75900 2817069093207010.0
76200 2823117066488447.0
76500 2828422222315444.0
76800 2834534123680066.0
77100 2840622407676230.0
77400 2848247062211849.0
77700 2853326320216456.0
78000 2858131664422196.0
78300 2862606044448054.0
78600 2868135530568990.0
78900 2873683467817495.0
79200 2878329940067088.0
79500 2883997117129816.0
79800 2890248667431222.0
80100 2897563679714827.0
80400 2904119301306417.0
80700 2910464019997417.0
81000 2917668416847609.0
81300 2923786430077192.0
81600 2929884112265184.0
81900 2935760749859443.0
82200 2940852114828068.0
82500 2947313753683523.0
82800 2953813554857873.0
83100 2960133869322652.0
83400 2965790958194926.0
83700 2971796541777462.0
84000 2978439247659541.0
84300 2985158341147999.0
84600 2990305663381219.0
84900 2996986441645398.0
85200 3002594816882553.0
85500 3007939895074783.0
85800 3013068123806653.0
86100 3018897039610321.0
86400 3023705271292295.0
86700 3031661184670244.0
87000 3034160332319139.0
