0 0
300 51496024465.0
600 84631250553.0
900 101997286504.0
1200 120273169649.0
1500 132714270246.0
1800 146383057538.0
2100 160417354783.0
2400 173899624877.0
2700 188586371597.0
3000 202810888967.0
3300 215330061634.0
3600 229288616913.0
3900 244187848045.0
4200 257544665373.0
4500 269160780239.0
4800 280602534896.0
5100 290929643605.0
5400 302696492873.0
5700 314729357689.0
6000 324563943277.0
6300 333523339652.0
6600 343036273959.0
6900 352385991752.0
7200 360789545122.0
7500 369911542037.0
7800 378398217809.0
8100 385694730872.0
8400 393626101662.0
8700 400856943338.0
9000 408350449103.0
9300 417626070805.0
9600 425910603537.0
9900 432936055188.0
10200 440368081416.0
10500 447577212927.0
10800 456550800725.0
11100 498636349129.0
11400 508114538177.0
11700 516770342381.0
12000 528058258478.0
12300 535742606047.0
12600 547812333809.0
12900 556978103407.0
13200 564632759878.0
13500 572141751293.0
13800 582087181515.0
14100 588630699885.0
14400 593330329177.0
14700 598821007927.0
15000 604093264415.0
15300 608445649191.0
15600 613673583431.0
15900 617536940032.0
16200 621688127986.0
16500 626255691717.0
16800 630063679037.0
17100 635796293983.0
17400 639567070100.0
17700 644210099500.0
18000 648087548374.0
18300 651715028938.0
18600 655848600345.0
18900 659255669113.0
19200 662471522887.0
19500 665350750854.0
19800 668552518061.0
20100 671842196823.0
20400 674594987554.0
20700 677422077620.0
21000 680450001561.0
21300 683670208307.0
21600 686957815542.0
21900 690613225399.0
22200 693049985642.0
22500 696655710451.0
22800 699605005261.0
23100 701914916948.0
23400 704835403321.0
23700 708366784016.0
24000 711647483024.0
24300 714330016157.0
24600 717040977802.0
24900 720099001106.0
25200 722582295003.0
25500 725988138156.0
25800 728624044575.0
26100 731824070167.0
26400 735036606612.0
26700 738049749293.0
27000 741953871067.0
27300 745118628941.0
27600 748369247500.0
27900 752845090933.0
28200 756623100189.0
28500 763637716324.0
28800 767482725529.0
29100 772819930601.0
29400 777494911910.0
29700 784476461976.0
30000 788718017241.0
30300 793334238058.0
30600 799032449709.0
30900 804900089847.0
31200 811456175772.0
31500 817476933876.0
31800 824161654629.0
32100 831157436835.0
32400 837399806749.0
32700 846712659287.0
33000 855418948355.0
33300 862748101165.0
33600 869552448167.0
33900 876756536743.0
34200 884609477305.0
34500 893081173658.0
34800 900664108650.0
35100 908706220557.0
35400 918253943090.0
35700 926915390141.0
36000 934982746145.0
36300 944795050385.0
36600 953423541754.0
36900 962324577939.0
37200 970677371645.0
37500 979561115668.0
37800 989033612396.0
38100 1000091408871.0
38400 1009723075961.0
38700 1019278435683.0
39000 1034867843287.0
39300 1046508311192.0
39600 1056509356075.0
39900 1067259601208.0
40200 1077340508160.0
40500 1088131917602.0
40800 1097827947080.0
41100 1107503071346.0
41400 1117518241020.0
41700 1131088287897.0
42000 1141221905838.0
42300 1152222974423.0
42600 1167166382424.0
42900 1181425639373.0
43200 1192418199013.0
43500 1205007077528.0
43800 1216422412593.0
44100 1228237950414.0
44400 1239142496897.0
44700 1249725527574.0
45000 1260749931814.0
45300 1273100172031.0
45600 1284046273102.0
45900 1299391461332.0
46200 1309943687186.0
46500 1323228445364.0
46800 1334076556790.0
47100 1347859288508.0
47400 1360683805769.0
47700 1374487827026.0
48000 1385960616799.0
48300 1397869077873.0
48600 1410684916013.0
48900 1425441033730.0
49200 1436850864174.0
49500 1449563984568.0
49800 1460880873419.0
50100 1474301120840.0
50400 1485736148660.0
50700 1500546606315.0
51000 1512943778296.0
51300 1525934565130.0
51600 1537966033703.0
51900 1557905027960.0
52200 2075670933294.0
52500 2238014997271.0
52800 2252400656039.0
53100 2272303923926.0
53400 2286124083402.0
53700 2315106480863.0
54000 2327921047073.0
54300 2343331003667.0
54600 2358041418714.0
54900 2373638449250.0
55200 2387271133983.0
55500 2400892029029.0
55800 2414370392583.0
56100 2430464413523.0
56400 2444179114399.0
56700 2457927811458.0
57000 2471563607064.0
57300 2489036558078.0
57600 2502754636294.0
57900 2520733332396.0
58200 2534281989464.0
58500 2548176298331.0
58800 2562614651873.0
59100 2576198385322.0
59400 2592370088710.0
59700 2610122348491.0
60000 2625217706440.0
60300 2641011733117.0
60600 2654787663816.0
60900 2669362358671.0
61200 2683347849951.0
61500 2700459839702.0
61800 2715564829782.0
62100 2730479669037.0
62400 2745219405842.0
62700 2758797321084.0
63000 2774123696647.0
63300 2791037664263.0
63600 2805864359980.0
63900 2822254691957.0
64200 2836980690490.0
64500 2853620573463.0
64800 2868827341436.0
65100 2886156583285.0
65400 2902343098779.0
65700 2918752542666.0
66000 2933243024543.0
66300 2948354726883.0
66600 2964046378775.0
66900 2981913275899.0
67200 3009215881117.0
67500 3025954472011.0
67800 3040849007420.0
68100 3056648705501.0
68400 3073444488800.0
68700 3090402510477.0
69000 3104522817278.0
69300 3121526498777.0
69600 3138515963519.0
69900 3154038267183.0
70200 3169357707431.0
70500 3187787274914.0
70800 3202308203973.0
71100 3227948242493.0
71400 3243250180046.0
71700 3265373750568.0
72000 3281632120636.0
72300 3302332485127.0
72600 3318496174190.0
72900 3335275071578.0
73200 3351324560613.0
73500 3366583831614.0
73800 3384417135338.0
74100 3402948419729.0
74400 3419591402726.0
74700 3435105341546.0
75000 3450930238862.0
75300 3473645640078.0
75600 3494778417873.0
75900 3516715144792.0
76200 3535495471493.0
76500 3552348503648.0
76800 3567077771058.0
77100 3582441245959.0
77400 3599977454751.0
77700 3619490687888.0
78000 3636122411651.0
78300 3655066396419.0
78600 3670310775078.0
78900 3687092644709.0
79200 3701962085139.0
79500 3720857253492.0
79800 3737378913435.0
80100 3753763277988.0
80400 3769230251801.0
80700 3784988852953.0
81000 3804634904442.0
81300 3820300108879.0
81600 3834642377947.0
81900 3851973391794.0
82200 3867554636129.0
82500 3884588669000.0
82800 3902959726969.0
83100 3921300782821.0
83400 3936341077028.0
83700 3951505674119.0
84000 3970235508633.0
84300 3982661338278.0
84600 3997812472645.0
84900 4011258397468.0
85200 4023072949895.0
85500 4037131921294.0
85800 4048552279669.0
86100 4063606924725.0
86400 4080837415813.0
86700 4090386434586.0
