0 0
300 74716844153.0
600 145863002307.0
900 216522606066.0
1200 289295128666.0
1500 364536143290.0
1800 458509151730.0
2100 559674586484.0
2400 649011358883.0
2700 721074581108.0
3000 795988194270.0
3300 866604417404.0
3600 933882107383.0
3900 1002430328357.0
4200 1064360951950.0
4500 1123884473414.0
4800 1186073985279.0
5100 1245279908211.0
5400 1308950385644.0
5700 1369703991206.0
6000 1431148831690.0
6300 1489334057731.0
6600 1560711177191.0
6900 1634048976516.0
7200 1706735893744.0
7500 1773927256122.0
7800 1851587920837.0
8100 1936488702748.0
8400 1989571579688.0
8700 2059449662957.0
9000 2109678799004.0
9300 2155471021503.0
9600 2206532319402.0
9900 2252765748877.0
10200 2298040921372.0
10500 2370972725925.0
10800 2405485707779.0
11100 2438435487967.0
11400 2466739597911.0
11700 2498543614298.0
12000 2534720794446.0
12300 2577721990338.0
12600 2673588458677.0
12900 2708139149185.0
13200 2743456694418.0
13500 2781009403798.0
13800 2809074402077.0
14100 2838101509123.0
14400 2867752594443.0
14700 2895063302971.0
15000 2920854212037.0
15300 2960580674053.0
15600 3026756054569.0
15900 3102764031926.0
16200 3188376721301.0
16500 3249975117134.0
16800 3317664434531.0
17100 3362830139691.0
17400 3397200423699.0
17700 3432911088681.0
18000 3463792643595.0
18300 3515172609527.0
18600 3571740878869.0
18900 3601743624536.0
19200 3637705798823.0
19500 3666778372093.0
19800 3700229974983.0
20100 3732967046276.0
20400 3777744816938.0
20700 3836247970416.0
21000 3901254290925.0
21300 3951845312028.0
21600 3995112974442.0
21900 4046127939742.0
22200 4092925395893.0
22500 4135377597951.0
22800 4197951515563.0
23100 4240490950583.0
23400 4287521696835.0
23700 4350551355919.0
24000 4393357176452.0
24300 4452603675130.0
24600 4544147316881.0
24900 4650110346296.0
25200 4696928789364.0
25500 4741789752587.0
25800 4788822921871.0
26100 4833335601194.0
26400 4878459815204.0
26700 4921663892355.0
27000 4967430190972.0
27300 5017367512713.0
27600 5056887473948.0
27900 5091981000926.0
28200 5139330538889.0
28500 5185340338970.0
28800 5244665895813.0
29100 5302811650821.0
29400 5373034494606.0
29700 5433458748807.0
30000 5494610882824.0
30300 5561229484750.0
30600 5636561119938.0
30900 5730272523522.0
31200 5850802643540.0
31500 5960000549588.0
31800 6068374932778.0
32100 6147484291855.0
32400 6224054272369.0
32700 6299180660931.0
33000 6388730467211.0
33300 6486093277111.0
33600 6569873557756.0
33900 6651994336740.0
34200 6723366773612.0
34500 6795725818734.0
34800 6912944462371.0
35100 7064229187543.0
35400 7181603233716.0
35700 7291274158860.0
36000 7378859859502.0
36300 7459191185555.0
36600 7545080200433.0
36900 7623276510462.0
37200 7695093901623.0
37500 7765714374197.0
37800 7838815733785.0
38100 7908263336155.0
38400 7978626044088.0
38700 8048051762456.0
39000 8125625802828.0
39300 8236956417213.0
39600 8366431361733.0
39900 8494205489618.0
40200 8608554250612.0
40500 8698291005476.0
40800 8783667632001.0
41100 8871047034629.0
41400 8925989389075.0
41700 8995356316214.0
42000 9067793124951.0
42300 9138754953268.0
42600 9201709659556.0
42900 9263301742171.0
43200 9345914210857.0
43500 9433718110714.0
43800 9494583230550.0
44100 9541251449209.0
44400 9580391742054.0
44700 9618387992035.0
45000 9657561019743.0
45300 9692354485309.0
45600 9730159994149.0
45900 9762635302778.0
46200 9801620874720.0
46500 9844474907892.0
46800 9874882248527.0
47100 9938060631571.0
47400 9983740039083.0
47700 10043795993358.0
48000 10096564921414.0
48300 10158658491258.0
48600 10220745473338.0
48900 10283211112586.0
49200 10348079013248.0
49500 10395954451126.0
49800 10443423142532.0
50100 10480616800086.0
50400 10534362802849.0
50700 10575709054726.0
51000 10667262949358.0
51300 10744909910583.0
51600 10805764045447.0
51900 10869159415063.0
52200 10923003378261.0
52500 10971605917173.0
52800 11017895211862.0
53100 11066452023657.0
53400 11103051820338.0
53700 11149025306339.0
54000 11193441872901.0
54300 11247684576611.0
54600 11289536973421.0
54900 11331243569365.0
55200 11377908512778.0
