0 0
30 96528601926646.0
60 199007487293824.0
90 300888003481838.0
120 402257098603506.0
150 502942211242154.0
180 603285878872006.0
210 703317625189646.0
240 803341230166312.0
270 903251124432132.0
300 1002848966672172.0
330 1102133395185236.0
360 1201201488387062.0
390 1286974723444017.0
420 1386250790992882.0
450 1485669076249131.0
480 1585616192263691.0
510 1685362307165968.0
540 1785244279075485.0
570 1885094615748291.0
600 1984623077326891.0
630 2084148630343061.0
660 2183623030539116.0
690 2282978300610945.0
720 2382425886356739.0
750 2475532650496909.0
780 2575477994686597.0
810 2674480929755765.0
840 2774220493119819.0
870 2874615575990035.0
900 2974874472224489.0
930 3075253923545201.0
960 3175330469093737.0
990 3275306514724819.0
1020 3375685668891545.0
1050 3475907097038569.0
1080 3576316370643695.0
1110 3663882231953915.0
1140 3764537014505046.0
1170 3865627094513966.0
1200 3966380501582816.0
1230 4066843400984093.0
1260 4167575650799991.0
1290 4268599031505813.0
1320 4369736088699863.0
1350 4470838152062354.0
1380 4572103490377027.0
1410 4673794374656121.0
1440 4775204521216327.0
1470 4876080033215117.0
1500 4972684248184758.0
1530 5074408896278972.0
1560 5175823685193024.0
1590 5277064301859810.0
1620 5378452861440987.0
1650 5480174292168422.0
1680 5581579828938504.0
1710 5683053443391362.0
1740 5785064782260334.0
1770 5887005430072464.0
1800 5988829637136935.0
1830 6090762000093104.0
1860 6176958319105172.0
1890 6279354566726324.0
1920 6381892748547183.0
1950 6484376679904462.0
1980 6586564450212525.0
2010 6688492538704510.0
2040 6790473414090974.0
2070 6892958724302914.0
2100 6995300337534448.0
2130 7097534847432113.0
2160 7199797051668797.0
2190 7302032530376186.0
2220 7393957663793002.0
2250 7393957680773956.0
2280 7393957754282598.0
2310 7393957754282598.0
2340 7393957849813870.0
2370 7393957849813870.0
2400 7396322718094182.0
2430 7413420864427005.0
2460 7472918008872379.0
2490 7618834347604685.0
2520 7771377870789614.0
2550 7916626506807896.0
2580 8052478698921596.0
2610 8173093198280023.0
2640 8283727067264562.0
2670 8392708436156406.0
2700 8500015408936772.0
2730 8605626688764442.0
2760 8710203866842570.0
2790 8813615468331278.0
2820 8916270775712485.0
2850 9017765289730944.0
2880 9119102433969248.0
2910 9219568215603020.0
2940 9317558710624018.0
2970 9418617838035676.0
3000 9518832661957940.0
3030 9619791150326692.0
3060 9721648117135192.0
3090 9823128500713892.0
3120 9923686078931468.0
3150 1.002500678721588e+16
3180 1.0126574206435924e+16
3210 1.0227810166895752e+16
3240 1.0328617101437884e+16
3270 1.0429681352058288e+16
3300 1.053019019936658e+16
3330 1.0630937282771464e+16
3360 1.0731933996396024e+16
3390 1.0833479972470052e+16
3420 1.0934016087679156e+16
3450 1.1034442258144292e+16
3480 1.113562172269448e+16
3510 1.1236610220213856e+16
3540 1.1337833305202048e+16
3570 1.1438717161658516e+16
3600 1.1539687314539932e+16
3630 1.163764354087194e+16
3660 1.1738156568801902e+16
3690 1.1838705884697092e+16
3720 1.1939680142800552e+16
3750 1.20407707645578e+16
3780 1.2141863254990984e+16
3810 1.2243350973671924e+16
3840 1.2344199362273528e+16
3870 1.244510255393896e+16
3900 1.2545435465780428e+16
3930 1.2646016551041036e+16
3960 1.2747237521762188e+16
3990 1.2847981823615492e+16
4020 1.2948980628430232e+16
4050 1.30493425262575e+16
4080 1.3121481866282552e+16
4110 1.3121482062075432e+16
4140 1.3121482062075432e+16
4170 1.3121482157618456e+16
4200 1.3124762146369352e+16
4230 1.3135305141374384e+16
4260 1.3193363267126936e+16
4290 1.3287408130850316e+16
4320 1.3383216415485616e+16
4350 1.3479020134928464e+16
4380 1.3574595793681212e+16
4410 1.3670202500744752e+16
4440 1.3767110178840148e+16
4470 1.3863202838646528e+16
4500 1.3934899314088456e+16
4530 1.4023758230652196e+16
4560 1.4120383096002244e+16
4590 1.4217408563604388e+16
4620 1.4314633566203164e+16
4650 1.4412262140502748e+16
4680 1.450936973160492e+16
4710 1.4607288130755604e+16
4740 1.4704842518224768e+16
4770 1.4802632943624996e+16
4800 1.4862465339607472e+16
4830 1.4934347398451752e+16
4860 1.5032218159268708e+16
4890 1.5130249160599744e+16
4920 1.522217394101188e+16
4950 1.5320034526942412e+16
4980 1.5417679417206968e+16
5010 1.5516078956293092e+16
5040 1.5569930037386872e+16
5070 1.566387579495288e+16
5100 1.576222364977641e+16
5130 1.5860212640213508e+16
5160 1.5958060074155276e+16
5190 1.6009757774117052e+16
5220 1.6106615739394892e+16
5250 1.6205275247695372e+16
5280 1.6303400720111564e+16
5310 1.6401439511643852e+16
5340 1.6499532805633308e+16
5370 1.659781777918308e+16
5400 1.6675490620629432e+16
