0 0
300 38025016222055.0
600 75942478214170.0
900 112999372251769.0
1200 151742141568597.0
1500 190492329260933.0
1800 228759277054287.0
2100 266878392809963.0
2400 304577659554901.0
2700 341688457759017.0
3000 379322154433505.0
3300 416295875846369.0
3600 453043595677086.0
3900 489304211419287.0
4200 524517073659681.0
4500 558652701330621.0
4800 592495299964276.0
5100 627052536372938.0
5400 661884004699591.0
5700 696564579429771.0
6000 730637982923455.0
6300 764025851265828.0
6600 794694852779144.0
6900 826765434630786.0
7200 857930408593021.0
7500 889225892188030.0
7800 919497570704518.0
8100 950396568399845.0
8400 982186302837917.0
8700 1012559936032158.0
9000 1043125493998401.0
9300 1073575110075328.0
9600 1103477364775101.0
9900 1132709154184563.0
10200 1162206249494525.0
10500 1190963815688137.0
10800 1219697479958188.0
11100 1248431617107794.0
11400 1276149608833034.0
11700 1303260255298006.0
12000 1329470929190072.0
12300 1356648459918125.0
12600 1383422669314904.0
12900 1409310518191946.0
13200 1434069601980095.0
13500 1459838209744828.0
13800 1485365838632750.0
14100 1510643329944943.0
14400 1536174782468158.0
14700 1561232008573376.0
15000 1585473691728533.0
15300 1610121965971889.0
15600 1633837908821178.0
15900 1657052888899754.0
16200 1680933623713569.0
16500 1704728248374204.0
16800 1729116818878426.0
17100 1754534860571489.0
17400 1780845321452584.0
17700 1806365774850301.0
18000 1832122519052118.0
18300 1857589413094392.0
18600 1882243492562155.0
18900 1907004871455809.0
19200 1932004279917361.0
19500 1957202897957362.0
19800 1982502361370896.0
20100 2008362919090073.0
20400 2033039484256654.0
20700 2057608368223837.0
21000 2081052056340882.0
21300 2104706058998126.0
21600 2127912260000025.0
21900 2139073257561912.0
