0 0
300 1929251712.0
600 1941144679.0
900 1956989340.0
1200 2393149961.0
1500 216856091650.0
1800 216871236732.0
2100 216895017708.0
2400 8287753871938.0
2700 25782626782513.0
3000 43523075392354.0
3300 47241498091161.0
3600 48843327959692.0
3900 51455978795224.0
4200 66768213781042.0
4500 98219183233715.0
4800 107014917694580.0
5100 152773059853357.0
5400 186350878492506.0
5700 192291702614175.0
6000 200349110970033.0
6300 210314799788149.0
6600 216459144376726.0
6900 225783759855816.0
7200 235998320163426.0
7500 248717184382864.0
7800 256286389336929.0
8100 266065928856736.0
8400 273735177925679.0
8700 285720292643265.0
9000 298663130394507.0
9300 307745924308794.0
9600 319476998825690.0
9900 334453066353511.0
10200 346940940951501.0
10500 355008589463933.0
10800 363584637574247.0
11100 372729294178861.0
11400 380752236995838.0
11700 394051312254006.0
12000 400558044737539.0
12300 405408882133390.0
12600 460914660025529.0
12900 480927376270230.0
13200 542468324819397.0
13500 609263369879618.0
13800 667831448669087.0
14100 711085255579584.0
14400 775022415950143.0
14700 840100864794593.0
15000 890192319069492.0
15300 938337357191185.0
15600 981020761978502.0
15900 1064092850112431.0
16200 1144424086305705.0
16500 1259848828364595.0
16800 1305189687843770.0
17100 1324282614888487.0
17400 1345085669909749.0
17700 1393998228053009.0
18000 1415420865544766.0
18300 1430169594445969.0
18600 1448011842498019.0
18900 1468741359421037.0
19200 1489296149768828.0
19500 1500704874623411.0
19800 1508300324477227.0
20100 1512431444801132.0
20400 1514500381825241.0
20700 1531370938771725.0
21000 1541552599502355.0
21300 1545940118058108.0
21600 1551350210086882.0
21900 1565351436753189.0
22200 1570306781711701.0
22500 1576932713421836.0
22800 1594072247303808.0
23100 1599461870152151.0
23400 1599462531714676.0
23700 1599466369070799.0
24000 1599538418123304.0
24300 1599808295289137.0
24600 1599902261419536.0
24900 1599906112394629.0
25200 1599927663376320.0
25500 1599934134651429.0
25800 1599942601561449.0
26100 1599944047203283.0
26400 1600765569052872.0
26700 1603795625679304.0
27000 1603818560632723.0
27300 1603825534673213.0
27600 1603848031307768.0
27900 1604572716063524.0
28200 1605386549026410.0
28500 1605395485309500.0
28800 1605399075453043.0
29100 1605399530574799.0
29400 1605399552702034.0
29700 1605584615993239.0
30000 1605609638188753.0
30300 1605609846514280.0
30600 1605609877937921.0
30900 1605609882081107.0
31200 1605609916432178.0
31500 1605609968311340.0
31800 1605609976462408.0
32100 1605610068084253.0
32400 1605611470938319.0
32700 1605611494071991.0
33000 1605616235007269.0
33300 1605881191814724.0
33600 1605933360152747.0
33900 1605948402212691.0
34200 1605949154538254.0
34500 1605949377550876.0
34800 1605949488538870.0
35100 1605949540338281.0
35400 1605950945369017.0
35700 1605953545980583.0
36000 1605953736309190.0
36300 1606030864159483.0
36600 1606030883727297.0
36900 1606286860941674.0
37200 1606289757468605.0
37500 1606289781993142.0
37800 1606400661187834.0
38100 1606402702529202.0
38400 1606405151816513.0
38700 1606501955965442.0
39000 1606505329747857.0
39300 1606526850660352.0
39600 1606530298216883.0
39900 1606561648924165.0
40200 1606568959207628.0
40500 1606571016553836.0
40800 1606630630911813.0
41100 1606630676624678.0
41400 1606669058891763.0
41700 1606682731769471.0
42000 1606685417212264.0
42300 1606697158819611.0
42600 1606796870388533.0
42900 1606807853029434.0
43200 1606861506660656.0
43500 1606874324596824.0
43800 1606874324596824.0
44100 1606876659095706.0
44400 1606903464231547.0
44700 1606903479677465.0
45000 1606903514924337.0
45300 1606903544233360.0
45600 1606903544313598.0
45900 1606903582093959.0
46200 1606903702082697.0
46500 1607009891039784.0
46800 1607012173086910.0
47100 1607012459864476.0
47400 1607013692235457.0
47700 1607013814923515.0
48000 1607014817970859.0
48300 1607015980450606.0
48600 1607016026180273.0
48900 1607016933805848.0
49200 1607016933805848.0
49500 1607017103546390.0
49800 1607017647320249.0
50100 1607017781053971.0
50400 1607017815036096.0
50700 1607021187778407.0
51000 1607021187778407.0
51300 1607021320985348.0
51600 1607022296151098.0
51900 1607022340469142.0
52200 1607022609312366.0
52500 1607022624208294.0
52800 1607022624208294.0
53100 1607022649805658.0
53400 1607022691345099.0
53700 1607022757760434.0
54000 1607022792787289.0
54300 1607023234830847.0
54600 1607023276709260.0
54900 1607029845463870.0
55200 1607030820478453.0
55500 1607030949290763.0
55800 1607030980443252.0
56100 1607031157432789.0
56400 1607031272562172.0
56700 1607031308795685.0
57000 1607031309079847.0
57300 1607031375202055.0
57600 1607031485736300.0
57900 1607031502506219.0
58200 1607031637112615.0
58500 1607031697460887.0
58800 1607033227451604.0
59100 1607035092585631.0
59400 1607035120015904.0
59700 1607035308214423.0
60000 1607035308214423.0
60300 1607035352760617.0
60600 1607035375930746.0
60900 1607035393918114.0
61200 1607035420636857.0
61500 1607040116901079.0
61800 1607041461511976.0
62100 1607041500798242.0
62400 1607042658277974.0
62700 1607042780290353.0
63000 1607044934789612.0
63300 1607044935088474.0
63600 1607044935088474.0
63900 1607045047442616.0
64200 1607045064635086.0
64500 1607050705339007.0
64800 1607050780196778.0
65100 1607050817405073.0
65400 1607050819809213.0
65700 1607050956915304.0
66000 1607051560657058.0
66300 1607051573649744.0
66600 1607052841487127.0
66900 1607052862065916.0
67200 1607052867595520.0
67500 1607052900561296.0
67800 1607052911095846.0
68100 1607052929423317.0
68400 1607052956144136.0
68700 1607052967862302.0
69000 1607053674810369.0
69300 1607056351141133.0
69600 1607057367096297.0
69900 1607057488772779.0
70200 1607058216338055.0
70500 1607058888901282.0
70800 1607058964115683.0
71100 1607059274511353.0
71400 1607059384669633.0
71700 1607060359060201.0
72000 1607060584429465.0
72300 1607060610879258.0
72600 1607060610879258.0
72900 1607060638473717.0
73200 1607061569413473.0
73500 1607061661861464.0
73800 1607061689302359.0
74100 1607061695549849.0
74400 1607440060374357.0
74700 1609246342713360.0
75000 1610911407049238.0
75300 1613309875179977.0
75600 1614501593517659.0
75900 1616055192943676.0
76200 1618155881618961.0
76500 1619943854146871.0
76800 1620052987011616.0
77100 1620055833772441.0
77400 1620058556179858.0
77700 1620061181691423.0
78000 1620061181701648.0
78300 1620061865363456.0
78600 1620062016784578.0
78900 1620065036452164.0
79200 1620065719261283.0
79500 1620065726882959.0
79800 1620067734820662.0
80100 1620067919105517.0
80400 1620101341838550.0
80700 1620101358895140.0
81000 1620101670620039.0
81300 1620101676605504.0
81600 1620102829847191.0
81900 1620103000284923.0
82200 1620103144415217.0
82500 1620103391859336.0
82800 1620103713624225.0
83100 1620103843063270.0
83400 1620103919887925.0
83700 1620103935443384.0
84000 1620104730263403.0
84300 1620104986549264.0
84600 1620104997506783.0
84900 1620105036951247.0
85200 1620105036951247.0
85500 1620105037563342.0
85800 1620105057011205.0
