0 0
300 12352124161.0
600 26050139211.0
900 39647273757.0
1200 48715104951.0
1500 57861974935.0
1800 63676877012.0
2100 79735555913.0
2400 93963326877.0
2700 101490304978.0
3000 111270556698.0
3300 128553622439.0
3600 137396546713.0
3900 143497979928.0
4200 150900091797.0
4500 156329813598.0
4800 167672819678.0
5100 172333385294.0
5400 179034500963.0
5700 187820343786.0
6000 193818595554.0
6300 206700861028.0
6600 216004441987.0
6900 229707327000.0
7200 239428065914.0
7500 243613256232.0
7800 250485869831.0
8100 255440523430.0
8400 263389293364.0
8700 274527128491.0
9000 282413350542.0
9300 287257487414.0
9600 292288260539.0
9900 300066727497.0
10200 309260437437.0
10500 327176382254.0
10800 338918804679.0
11100 346048627329.0
11400 351322477104.0
11700 358024602696.0
12000 363109460774.0
12300 372237296178.0
12600 380724731358.0
12900 386702788333.0
13200 390777360832.0
13500 393513145993.0
13800 397464781360.0
14100 407891857676.0
14400 412641887247.0
14700 416586532543.0
15000 420241145767.0
15300 421970154354.0
15600 424417318506.0
15900 428517053156.0
16200 433486582345.0
16500 439574024177.0
16800 447672208970.0
17100 452417175965.0
17400 455405309274.0
17700 463257722076.0
18000 467460774543.0
18300 470866753919.0
18600 474042707669.0
18900 476960198790.0
19200 480004006900.0
19500 484068813035.0
19800 487658592810.0
20100 491123166983.0
20400 494338263381.0
20700 495009775963.0
21000 498375372772.0
21300 504743482562.0
21600 508945719710.0
21900 512904217474.0
22200 514726724618.0
22500 516554915667.0
22800 519288276780.0
23100 521687591233.0
23400 524777240369.0
23700 527341135425.0
24000 528565139225.0
24300 530306216416.0
24600 532470324453.0
24900 536090997943.0
25200 539988879321.0
25500 543111290854.0
25800 545571036711.0
26100 547480634663.0
26400 550799366714.0
26700 552837263847.0
27000 555516171497.0
27300 559053996833.0
27600 560228780815.0
27900 561919540371.0
28200 563361709116.0
28500 567158163548.0
28800 572030085305.0
29100 575002084808.0
29400 577115414527.0
29700 580328557706.0
30000 582593142930.0
30300 585155552192.0
30600 588267195456.0
30900 591400714882.0
31200 594136750488.0
31500 595622873727.0
31800 598133634371.0
32100 602947229148.0
32400 607609596544.0
32700 610374458404.0
33000 614453015077.0
33300 617192491426.0
33600 619430226499.0
33900 623014356493.0
34200 625880579229.0
34500 628125853869.0
34800 632699160432.0
35100 637841699940.0
35400 641307026138.0
35700 647104852809.0
36000 653338817953.0
36300 656949507991.0
36600 660960512381.0
36900 664930698575.0
37200 668535804216.0
37500 673028830227.0
37800 678336669095.0
38100 681926590956.0
38400 688230333897.0
38700 699210448962.0
39000 703994101434.0
39300 709949069888.0
39600 715220134084.0
39900 720079117692.0
40200 725709712799.0
40500 731603665102.0
40800 736765397297.0
41100 740092242390.0
41400 747663314504.0
41700 754597905450.0
42000 761141046196.0
42300 769969521530.0
42600 777047317346.0
42900 787688980459.0
43200 794304921450.0
43500 799527795681.0
43800 804834389458.0
44100 809254712067.0
44400 815575216969.0
44700 824161862405.0
45000 833406698424.0
45300 840725653763.0
45600 845591566408.0
45900 850989221951.0
46200 859065231971.0
46500 867861763855.0
46800 876114067545.0
47100 881891782763.0
47400 888352690482.0
47700 897283613736.0
48000 904224025601.0
48300 911469204703.0
48600 917982910238.0
48900 925937640904.0
49200 933810093856.0
49500 940262435486.0
49800 950056374449.0
50100 959635588175.0
50400 969807423673.0
50700 976677476159.0
51000 982936797395.0
51300 991389345912.0
51600 1062820552524.0
51900 1073248379917.0
52200 1084838702716.0
52500 1094002271517.0
52800 1104065242049.0
53100 1114534230861.0
53400 1132678180963.0
53700 1141585593240.0
54000 1151724664277.0
54300 1159480981260.0
54600 1168825686142.0
54900 1178384113693.0
55200 1195258825522.0
55500 1203394401209.0
55800 1212323681381.0
56100 1226902306483.0
56400 1240997125011.0
56700 1253577759746.0
57000 1262826206086.0
57300 1273978392663.0
57600 1282341985764.0
57900 1291720729379.0
58200 1302386185435.0
58500 1315249297050.0
58800 1326640204808.0
59100 1335186015113.0
59400 1346529156307.0
59700 1357297069125.0
60000 1364260920493.0
60300 1374804211452.0
60600 1384798066401.0
60900 1395590536392.0
61200 1404551733890.0
61500 1415304356804.0
61800 1426387241326.0
62100 1439231850759.0
62400 1448659623276.0
62700 1458120281759.0
63000 1472375831025.0
63300 1487677352877.0
63600 1499676179283.0
63900 1513714582340.0
64200 1533098327584.0
64500 1554238031768.0
64800 1566326363535.0
65100 1574676527867.0
65400 1587112151024.0
65700 1596766150730.0
66000 1607124177474.0
66300 1620514753571.0
66600 1633955523815.0
66900 1647053265768.0
67200 1655138788337.0
67500 1675142662065.0
67800 1695979616190.0
68100 1714662972022.0
68400 1726983319841.0
68700 1733668595212.0
69000 1746905096847.0
69300 1756417490604.0
69600 1770457161428.0
69900 1783924227511.0
70200 1792762634933.0
70500 1805139887012.0
70800 1817121008621.0
71100 1834962772769.0
71400 1849972793951.0
71700 1862981892387.0
72000 1872702748063.0
72300 1880729286254.0
72600 1893029702663.0
72900 1904299151276.0
73200 1913780642002.0
73500 1925037140878.0
73800 1934551829177.0
74100 1944682817421.0
74400 1953049655591.0
74700 1966592231169.0
75000 1979646746997.0
75300 1990952727193.0
75600 2003236090397.0
75900 2015275982496.0
76200 2025928994958.0
76500 2036357960969.0
76800 2046594942311.0
77100 2056339948159.0
77400 2067253686806.0
77700 2079070250768.0
78000 2088822574806.0
78300 2102002916082.0
78600 2114889579194.0
78900 2128820241284.0
79200 2139292757120.0
79500 2145699302493.0
79800 2157318630993.0
80100 2167682005788.0
80400 2180563140594.0
80700 2190721007719.0
81000 2201550793793.0
81300 2212378267935.0
81600 2221913474469.0
81900 2235785758308.0
82200 2252252563044.0
82500 2266763880455.0
82800 2275822797290.0
83100 2285963033361.0
83400 2298707839294.0
83700 2312047183551.0
84000 2323398229660.0
84300 2330083152400.0
84600 2339155923168.0
84900 2348020814495.0
85200 2354415193668.0
85500 2362617654811.0
85800 2372608208449.0
86100 2382966244993.0
86400 2391717713000.0
86700 2394743775945.0
