0 0
300 1311277708138.0
600 2924432437538.0
900 5657559184128.0
1200 6246718759643.0
1500 6400777661647.0
1800 6545770002391.0
2100 6776901921271.0
2400 7000258148413.0
2700 7149348911783.0
3000 7159322194986.0
3300 7159946011158.0
3600 7161344701475.0
3900 7163344615948.0
4200 7177555017487.0
4500 7193987429870.0
4800 7224486547357.0
5100 7232932928543.0
5400 7240508577828.0
5700 7241003602679.0
6000 8993514725176.0
6300 10151015918451.0
6600 10539413148799.0
6900 12024131460953.0
7200 13229306965478.0
7500 14630881442984.0
7800 14682551585222.0
8100 14728982083294.0
8400 14828661570121.0
8700 14993178216845.0
9000 15175648268407.0
9300 15418561652136.0
9600 16013059797253.0
9900 18553929442209.0
10200 18850957154688.0
10500 19211892475509.0
10800 19479289315051.0
11100 20192246794667.0
11400 20745073765094.0
11700 21253821754586.0
12000 21646299580418.0
12300 22420902426660.0
12600 22875349901194.0
12900 23550932364421.0
13200 23953680495327.0
13500 24615768270083.0
13800 25211976848145.0
14100 25585986131992.0
14400 26116231549426.0
14700 26724517205864.0
15000 27314831523482.0
15300 27748059984291.0
15600 28387486987413.0
15900 29266779659054.0
16200 29801734813563.0
16500 30182122628928.0
16800 30465882887304.0
17100 30988017008347.0
17400 31515807932231.0
17700 32487703436171.0
18000 32813229059266.0
18300 33139515337372.0
18600 33514283769260.0
18900 34424526257085.0
19200 36024968983624.0
19500 36760812717886.0
19800 37623101330552.0
20100 38801121921773.0
20400 40116843037388.0
20700 40814120505810.0
21000 43172580120060.0
21300 46127098828281.0
21600 48664306176072.0
21900 51814179617144.0
22200 53647719288838.0
22500 54587089580322.0
22800 57446845671618.0
23100 57797232718639.0
23400 58240778529679.0
23700 58678513302394.0
24000 59185876176450.0
24300 60154941835442.0
24600 61491961273990.0
24900 62967038558592.0
25200 64147804335997.0
25500 66342951650424.0
25800 72897396867796.0
26100 76199987217784.0
26400 79781707998490.0
26700 84542016069389.0
27000 88899531568152.0
27300 93285186140829.0
27600 99532289750822.0
27900 102313560875350.0
28200 104327302210160.0
28500 105435837251953.0
28800 105822988271915.0
29100 106231582257644.0
29400 106758003476273.0
29700 109677039862592.0
30000 110911962847282.0
30300 114517265714799.0
30600 114716588204529.0
30900 119837440133825.0
31200 128220609064824.0
31500 136506645342002.0
31800 141477354098124.0
32100 147591202868658.0
32400 155713857526311.0
32700 163879370442548.0
33000 172441477726632.0
33300 180209838557549.0
33600 189097093606392.0
33900 196410151725980.0
34200 205038485374007.0
34500 213967429544424.0
34800 222256684705549.0
35100 227354834800097.0
35400 231573624077000.0
35700 236555227829544.0
36000 242939518228854.0
36300 250447375037866.0
36600 255855291853650.0
36900 259788364709725.0
37200 264753771480524.0
37500 268208459484043.0
37800 271783624287745.0
38100 275436544048649.0
38400 278741330679608.0
38700 283371598297905.0
39000 287866234861279.0
39300 290537028537413.0
39600 292413790397433.0
39900 293014719350208.0
40200 294025788055574.0
40500 294398149157932.0
40800 294418697377915.0
41100 294492696673622.0
41400 294505320998233.0
41700 294520579505026.0
42000 294552358336526.0
42300 294554425881061.0
42600 294555804659668.0
42900 294556124670142.0
43200 294560355274381.0
43500 294561163736749.0
43800 294563514562952.0
44100 294563894080337.0
44400 294564136384407.0
44700 294564469838539.0
45000 294564812746685.0
45300 294565168647170.0
45600 294565410506092.0
45900 294565808713301.0
46200 294566042159885.0
46500 294566346945150.0
46800 294566783410127.0
47100 294614417800393.0
47400 294614840402335.0
47700 294615072216747.0
48000 294615990091567.0
48300 294616360100504.0
48600 294616569462175.0
48900 294616884777712.0
49200 294624947682819.0
49500 294654062211770.0
49800 294654430832681.0
50100 294655915051054.0
50400 294657095647930.0
50700 294659380814509.0
51000 294679224592856.0
51300 294861662554865.0
51600 295416843172530.0
51900 295898598409085.0
52200 297127704002267.0
52500 299669749214317.0
52800 302296164390644.0
53100 306064722942477.0
53400 313147604695366.0
53700 318812114808466.0
54000 325417206097138.0
54300 332183999066177.0
54600 339843553193034.0
54900 354146310389063.0
55200 366062593425406.0
55500 377058787171104.0
55800 389812789428805.0
56100 399281293178421.0
56400 406775404273412.0
56700 414826833253360.0
57000 421536268203527.0
57300 429539971888645.0
57600 438540850639818.0
57900 444199789736786.0
58200 452994871274435.0
58500 458711338461251.0
58800 461414013718616.0
59100 463432713887252.0
59400 465942600521203.0
59700 467576744512503.0
60000 469056147123938.0
60300 469988904805238.0
60600 472425576733083.0
60900 475420891095993.0
61200 478864366598801.0
61500 481146215022639.0
61800 484664287438252.0
62100 486923784838135.0
62400 488463927002626.0
62700 490673635120360.0
63000 491903226916787.0
63300 494608935892817.0
63600 496874671939181.0
63900 498787179979103.0
64200 500514073304623.0
64500 502974604692589.0
64800 505953625486849.0
65100 509438712757067.0
65400 514055484027598.0
65700 518789670863951.0
66000 524139306273565.0
66300 528764457219996.0
66600 535198334007929.0
66900 544442950338129.0
67200 549462401090586.0
67500 551752344442845.0
67800 555657222345393.0
68100 559469882674557.0
68400 562764896931433.0
68700 564471223422751.0
69000 568884131987904.0
69300 571276574631365.0
69600 571851181864380.0
69900 572013875636473.0
70200 572072461914222.0
70500 573110000815899.0
70800 573632330427979.0
71100 573833026903782.0
71400 575614637108216.0
71700 580701154816344.0
72000 584417211942203.0
72300 588951577677497.0
72600 596172497390547.0
72900 602404683842262.0
73200 610855643805993.0
73500 618100172338925.0
73800 623987909381253.0
74100 632686506202362.0
74400 638859459921494.0
74700 641528075681489.0
75000 646966925160188.0
75300 648531766526543.0
75600 649271594923933.0
75900 650530634591349.0
76200 653264561635784.0
76500 654925638025905.0
76800 656967732713979.0
77100 660373257148710.0
77400 668237583965752.0
77700 669418704904346.0
78000 670398324567957.0
78300 671911153844685.0
78600 674721904608642.0
78900 677399156401437.0
79200 681104747717594.0
79500 682945371209513.0
79800 683471508894273.0
80100 683913696681575.0
80400 684013848366855.0
80700 684145735145294.0
81000 686422095984160.0
81300 689380542155882.0
81600 689600350609018.0
81900 694359477787154.0
82200 702317938465570.0
82500 709938914493194.0
82800 712255673391232.0
83100 715857727948533.0
83400 719577552931505.0
83700 721258403764000.0
84000 725785938579870.0
84300 733383955428850.0
84600 741515456601430.0
84900 746216327383948.0
85200 751873672864695.0
85500 760812794651509.0
85800 771835950941152.0
86100 776840642463049.0
86400 779334734553794.0
86700 780524787472452.0
