0 0
300 1279190394.0
600 2487168261.0
900 14696624702.0
1200 15557612087.0
1500 17376663073.0
1800 18442771888.0
2100 21058685082.0
2400 28917040645.0
2700 33667700172.0
3000 38228039654.0
3300 42889608398.0
3600 51744986058.0
3900 75432736296.0
4200 76927235693.0
4500 79364212230.0
4800 81247649859.0
5100 82825163826.0
5400 84723892216.0
5700 85741101051.0
6000 87277429477.0
6300 100488714467.0
6600 102342855672.0
6900 108831462504.0
7200 136953553050.0
7500 140625674555.0
7800 195428911139.0
8100 208252194197.0
8400 215024484263.0
8700 221811206052.0
9000 236333578634.0
9300 244456022469.0
9600 246491968322.0
9900 247062409068.0
10200 247683827072.0
10500 249496175677.0
10800 251990157524.0
11100 255385543222.0
11400 260463648024.0
11700 262012600180.0
12000 263632100982.0
12300 265676729085.0
12600 267203202971.0
12900 267982116025.0
13200 276848968243.0
13500 277879040675.0
13800 279319038139.0
14100 281340691843.0
14400 281721371110.0
14700 290715082361.0
15000 293561438514.0
15300 298807536392.0
15600 299626788558.0
15900 300803679256.0
16200 301340413856.0
16500 302233624210.0
16800 304281914271.0
17100 304983775913.0
17400 305633631216.0
17700 306643231949.0
18000 309907983153.0
18300 379248638305.0
18600 382007844544.0
18900 385715711139.0
19200 389835771318.0
19500 390493451997.0
19800 391011163256.0
20100 394681335499.0
20400 403348406751.0
20700 403946790043.0
21000 404905820271.0
21300 405807282328.0
21600 407060682205.0
21900 412345572154.0
22200 413925568258.0
22500 419893022259.0
22800 475262050408.0
23100 477594020401.0
23400 478847311437.0
23700 481973076424.0
24000 483174492506.0
24300 483547226794.0
24600 485837941697.0
24900 489937390112.0
25200 490788958127.0
25500 498711170144.0
25800 506935462642.0
26100 520190186712.0
26400 537931007011.0
26700 542525902835.0
27000 543138169476.0
27300 544005532823.0
27600 549945805129.0
27900 552523889882.0
28200 553225698679.0
28500 554714254417.0
28800 555425111286.0
29100 562451825886.0
29400 564789143851.0
29700 566401030706.0
30000 579050183234.0
30300 582366499924.0
30600 582821797983.0
30900 584719679492.0
31200 585581067513.0
31500 589573894382.0
31800 592222157179.0
32100 592925000723.0
32400 593689671667.0
32700 597036760949.0
33000 604235122348.0
33300 606583703707.0
33600 607076397705.0
33900 629739452930.0
34200 631670899788.0
34500 632157319746.0
34800 633813243591.0
35100 645776790074.0
35400 651137925705.0
35700 658057312245.0
36000 668711473948.0
36300 672826407766.0
36600 675508019192.0
36900 683209900177.0
37200 684846285044.0
37500 686527512834.0
37800 692135750543.0
38100 693623408475.0
38400 694538087322.0
38700 698454196613.0
39000 699810105545.0
39300 700300790541.0
39600 710366849754.0
39900 713185434738.0
40200 715094308537.0
40500 718233555214.0
40800 721369884746.0
41100 722845899911.0
41400 726311668535.0
41700 727846212033.0
42000 728934440455.0
42300 730687204264.0
42600 736332534482.0
42900 737617513135.0
43200 740297795296.0
43500 748938358879.0
43800 753170003188.0
44100 756534683431.0
44400 761173670456.0
44700 762348280737.0
45000 764154370611.0
45300 765086565999.0
45600 775516903483.0
45900 796866780021.0
46200 798124943881.0
46500 798437486291.0
46800 799334930888.0
47100 803633263320.0
47400 807447811903.0
47700 810578156379.0
48000 812118183539.0
48300 813403479665.0
48600 818943039107.0
48900 828878564798.0
49200 834258328622.0
49500 836395236277.0
49800 837652001165.0
50100 846285524928.0
50400 849695643211.0
50700 852647574609.0
51000 861017511347.0
51300 867148722345.0
51600 871793734834.0
51900 872621694554.0
52200 873975791806.0
52500 874473840170.0
52800 875038856458.0
53100 879099935686.0
53400 882070973344.0
53700 883098623532.0
54000 885787827333.0
54300 891336740815.0
54600 899347609921.0
54900 901119315016.0
55200 902357233219.0
55500 905575786444.0
55800 906362216855.0
56100 907470789800.0
56400 920733009342.0
56700 925397561606.0
57000 927076050513.0
57300 930556105514.0
57600 931422877546.0
57900 939778685147.0
58200 942640669961.0
58500 951001158392.0
58800 965564479795.0
59100 972304266141.0
59400 978479019602.0
59700 985774431668.0
60000 1001290102054.0
60300 1008955388403.0
60600 1016244784250.0
60900 1018173384558.0
61200 1021825052142.0
61500 1022903315762.0
