0 0
30 76119920657434.0
60 160749649633520.0
90 252110817128081.0
120 347761375070283.0
150 448004834822471.0
180 551044565538571.0
210 657851261268105.0
240 765617029386384.0
270 874978996731548.0
300 985184405464198.0
330 1097930237245592.0
360 1211604723460881.0
390 1327880681188624.0
420 1445969389725893.0
450 1565954319710826.0
480 1687648289940126.0
510 1810558437575814.0
540 1933211958823263.0
570 2056559949147387.0
600 2180534032708192.0
630 2279126111936659.0
660 2403599325177296.0
690 2528367521892050.0
720 2651577823088867.0
750 2771363362576501.0
780 2884572716389398.0
810 2998868866310037.0
840 3109794281118101.0
870 3220117152526315.0
900 3328124054446843.0
930 3437140656729246.0
960 3547137096179227.0
990 3657822013129773.0
1020 3765621536216889.0
1050 3875067342725951.0
1080 3983255610187692.0
1110 4090397767605501.0
1140 4198019230618686.0
1170 4305710913435414.0
1200 4412751524051739.0
1230 4520445551577092.0
1260 4627686176621909.0
1290 4734420275404494.0
1320 4841589477022577.0
1350 4949478218616983.0
1380 5056339188167736.0
1410 5163320518075458.0
1440 5269014477085124.0
1470 5347872326782419.0
1500 5469438456651118.0
1530 5591470349408493.0
1560 5712111023888922.0
1590 5832784704320110.0
1620 5952741755424119.0
1650 6072313781821099.0
1680 6192912246995490.0
1710 6313625405394650.0
1740 6433559792850823.0
1770 6553539307998236.0
1800 6673376460911055.0
1830 6794634302015783.0
1860 6913453928370507.0
1890 7033619227519535.0
1920 7153254440035485.0
1950 7273605991212767.0
1980 7392420906154321.0
2010 7511985919726497.0
2040 7631798493394025.0
2070 7750884836578007.0
2100 7869901475844009.0
2130 7989268582385989.0
2160 8109067562870977.0
2190 8228016637027117.0
2220 8347383264891648.0
2250 8466405073018153.0
2280 8585547993329529.0
2310 8702962859375225.0
2340 8822167055273110.0
2370 8941819812788211.0
2400 9060924485876960.0
2430 9180307506825500.0
2460 9300023303781496.0
2490 9410379345020538.0
2520 9529389913307556.0
2550 9648343587767602.0
2580 9767139056288998.0
2610 9886807929820806.0
2640 1.0005799801477318e+16
2670 1.012551362391061e+16
2700 1.024474005499635e+16
2730 1.036300580519166e+16
2760 1.0482112081168312e+16
2790 1.0601113898222182e+16
2820 1.0720294295052284e+16
2850 1.0838156240899106e+16
2880 1.095755742889272e+16
2910 1.1076880606491502e+16
2940 1.1194902124501682e+16
2970 1.131265314645672e+16
3000 1.143078231885252e+16
3030 1.1549635602192178e+16
3060 1.166810345552055e+16
3090 1.1787794112491178e+16
3120 1.190660617929932e+16
3150 1.2026452215485102e+16
3180 1.2145272173604104e+16
3210 1.226401277730239e+16
3240 1.238368324153336e+16
3270 1.2502522682434266e+16
3300 1.2621616536113566e+16
3330 1.2738486666518872e+16
3360 1.2856362640434332e+16
3390 1.2975764951177136e+16
3420 1.3094645155886656e+16
3450 1.3213309674149528e+16
3480 1.3331508610729688e+16
3510 1.344994596354442e+16
3540 1.3568387624983396e+16
3570 1.3687904333697596e+16
3600 1.38064083978999e+16
3630 1.3925195546075916e+16
3660 1.4044503541233116e+16
3690 1.4163389257833916e+16
3720 1.4282633922160532e+16
3750 1.440188243593782e+16
3780 1.4519588507891644e+16
3810 1.4638463297013496e+16
3840 1.4757239332449156e+16
3870 1.487607983446714e+16
3900 1.4909615190927696e+16
3930 1.4909616392903584e+16
3960 1.4909618997080652e+16
3990 1.4909621045956948e+16
4020 1.4909838613997228e+16
4050 1.49099857745499e+16
4080 1.4914965496385024e+16
4110 1.4915372602032616e+16
4140 1.4915372602032616e+16
4170 1.491537611197834e+16
4200 1.491537611197834e+16
4230 1.4915380605530736e+16
4260 1.4915380605602352e+16
4290 1.4915385099081084e+16
4320 1.4915385099081084e+16
4350 1.4915389592559816e+16
4380 1.4915389592559816e+16
4410 1.4915394086038548e+16
4440 1.4915394086038548e+16
4470 1.4915398579658528e+16
4500 1.491539858024996e+16
4530 1.4915403073728692e+16
4560 1.4915418475383352e+16
