0 0
300 6323013913384.0
600 13833176601719.0
900 22929851533885.0
1200 31956706894354.0
1500 39611421219081.0
1800 48528707439193.0
2100 57670099661011.0
2400 66092686430384.0
2700 73365435126350.0
3000 81307711939927.0
3300 89553298694141.0
3600 100177505952428.0
3900 110148777214602.0
4200 119112987731882.0
4500 130326034094775.0
4800 140329940264807.0
5100 152171822796841.0
5400 161653807065855.0
5700 174665605860093.0
6000 190016415198221.0
6300 222861546914124.0
6600 242865487369515.0
6900 266660110500614.0
7200 283741614263547.0
7500 310654624147140.0
7800 328433301041884.0
8100 354664571745043.0
8400 451543481035031.0
8700 602574015089527.0
9000 872036752275081.0
9300 1097562515023714.0
9600 1409371661303235.0
9900 1554603999772605.0
10200 1581293421446021.0
10500 1606292360463988.0
10800 1621856182543393.0
11100 1642008249750275.0
11400 1701699434104533.0
11700 1754269694516600.0
12000 1792885350300343.0
12300 1822379604656860.0
12600 1846170607271994.0
12900 1871477609722419.0
13200 1889238339104222.0
13500 1941116853221053.0
13800 1967523765580286.0
14100 1985472923702332.0
14400 2002472733361633.0
14700 2026050623350215.0
15000 2039312389585748.0
15300 2056528522828945.0
15600 2065190572191206.0
15900 2074243501799949.0
16200 2083402549490718.0
16500 2092056497766874.0
16800 2100363317087875.0
17100 2115114904996136.0
17400 2139036458894096.0
17700 2356827940212879.0
18000 2703881418222331.0
18300 2727640556742239.0
18600 2793370841901945.0
18900 2809379102135274.0
19200 2831470038942492.0
19500 2844865555713710.0
19800 2857618127326655.0
20100 2866027077031456.0
20400 2872243973639007.0
20700 2878094671463010.0
21000 2884155688303026.0
21300 2892340059919154.0
21600 2914560603908630.0
21900 2954999838287625.0
22200 3092927064632598.0
22500 3244139687294604.0
22800 3277694209286861.0
23100 3332221183512241.0
23400 3346068278778996.0
23700 3355974225550290.0
24000 3365829539427795.0
24300 3375383335256432.0
24600 3400732204399841.0
24900 3411783900514901.0
25200 3425548974357002.0
25500 3437522964214980.0
25800 3465296631505270.0
26100 3481802165812475.0
26400 3497390884250448.0
26700 3508878128679131.0
27000 3534548512533198.0
27300 3567243361353040.0
27600 3579090176484961.0
27900 3596529460760646.0
28200 3641080200189429.0
28500 3663440716564627.0
28800 3698075238576047.0
29100 3713745324555775.0
29400 3750984077195206.0
29700 3770743025570711.0
30000 3801301353629745.0
30300 3939556924043442.0
30600 4123772099356071.0
30900 4184233065603909.0
31200 4325812848335532.0
31500 4708728420691000.0
31800 4734248389196027.0
32100 4758851302394378.0
32400 4776417875403595.0
32700 4796790405110089.0
33000 5191901764204670.0
33300 5216198666891861.0
33600 5239285083879700.0
33900 5255609931126533.0
34200 5275057773396793.0
34500 5285028174997779.0
34800 5301955358520664.0
35100 5315818417619869.0
35400 5333913059652908.0
35700 5373191468975155.0
36000 5384118025860556.0
36300 5392732975651062.0
36600 5400179229357410.0
36900 5408909873370959.0
37200 5416509687569151.0
37500 5426510079802139.0
37800 5436970446659395.0
38100 5442566243089691.0
38400 5448379640032543.0
38700 5456003729443205.0
39000 5579708865313000.0
39300 5793274707950578.0
39600 6443348063257333.0
39900 6909707186841147.0
40200 6924920715851966.0
40500 6937592567179565.0
40800 6995342331324951.0
41100 7008697266522096.0
41400 7024543720012233.0
41700 7030698657300608.0
42000 7034494557352943.0
42300 7038953255802058.0
42600 7044025488000934.0
42900 7051066413076265.0
43200 7057385359917905.0
43500 7064091590753772.0
43800 7322212767821801.0
44100 7356104200487906.0
44400 7696918019325864.0
44700 7712623647806101.0
45000 7717338701209518.0
45300 7725163173275562.0
45600 7730422313291719.0
45900 7743106133876602.0
46200 7750533932632728.0
46500 7758786474561718.0
46800 7764404126024148.0
47100 7770058974268283.0
47400 7778979022033062.0
47700 7789254942522457.0
48000 7802819172677015.0
48300 7817352548863200.0
48600 8050968272117120.0
48900 8082445650756700.0
49200 8108805494531806.0
49500 8116187232625444.0
49800 8122843782222991.0
50100 8128565119815013.0
50400 8133697006577061.0
50700 8140894817801388.0
51000 8154821410685883.0
51300 8166389950369261.0
51600 8180343028514155.0
51900 8203432413251067.0
52200 8211592590552761.0
52500 8222666873276245.0
52800 8231971367666399.0
53100 8254527064028798.0
53400 8300145845641013.0
53700 8327464707680353.0
54000 8339088984947250.0
54300 8377023240265912.0
54600 8434959886369279.0
54900 8439913512866155.0
55200 8445220319134747.0
55500 8451293592688173.0
55800 8470144199829297.0
56100 9061016834283622.0
56400 9089943298812504.0
56700 9107659797435118.0
57000 9158953185381428.0
57300 9175863223009500.0
57600 9609831266139108.0
57900 1.0359383556791128e+16
58200 1.0630480735565034e+16
58500 1.1454942768245398e+16
58800 1.17851754195893e+16
59100 1.1791025836105084e+16
59400 1.1803131326981212e+16
59700 1.196676714354596e+16
60000 1.1976902971383892e+16
60300 1.1981030971288086e+16
60600 1.2002251368610678e+16
60900 1.2074480924366572e+16
61200 1.2117606894849068e+16
61500 1.21895816763555e+16
61800 1.223095477112691e+16
62100 1.2365548170824028e+16
62400 1.2409171340074684e+16
62700 1.2597563453948562e+16
63000 1.2628906032556048e+16
63300 1.2791876534747236e+16
63600 1.282515054804454e+16
63900 1.282952175193487e+16
64200 1.2842637605558756e+16
64500 1.2849263999069636e+16
64800 1.285208316984634e+16
65100 1.2864552893768396e+16
65400 1.287247214096583e+16
65700 1.287817863154072e+16
66000 1.2882281324976888e+16
66300 1.288597576731884e+16
66600 1.2892178484358244e+16
66900 1.2902333900556228e+16
67200 1.2919846423715824e+16
67500 1.3147822229290032e+16
67800 1.3228068142694978e+16
68100 1.3668358294984804e+16
68400 1.3784176547867436e+16
68700 1.3805386049173722e+16
69000 1.383120424158923e+16
69300 1.3850646287819328e+16
69600 1.3871566027624732e+16
69900 1.3884013192186508e+16
70200 1.3902472770527108e+16
70500 1.3914351845576048e+16
70800 1.3943729721227012e+16
71100 1.3985451862918304e+16
71400 1.4052180153899494e+16
71700 1.4073919760284384e+16
72000 1.4127782800808736e+16
72300 1.4438706458345666e+16
72600 1.4849618815545012e+16
72900 1.5688945596811052e+16
73200 1.597515330204738e+16
73500 1.6181333887284104e+16
73800 1.6470768747340628e+16
74100 1.6567799537805896e+16
74400 1.676088422784771e+16
74700 1.67926836920789e+16
75000 1.6932250312476496e+16
75300 1.7405972813458678e+16
75600 1.7596284150640828e+16
75900 1.7754340659004216e+16
76200 1.7774037060725542e+16
76500 1.7811593734027076e+16
76800 1.8039831998428696e+16
77100 1.838868197400689e+16
77400 1.9201465687456364e+16
77700 1.9846815347623348e+16
78000 2.0279219450526224e+16
78300 2.0795033577864132e+16
78600 2.09756805397583e+16
78900 2.100186752052965e+16
79200 2.1036933026076044e+16
79500 2.105554431445008e+16
79800 2.1269457847856416e+16
80100 2.1307791120092988e+16
80400 2.147162475989407e+16
80700 2.1628996973897496e+16
81000 2.1695572292263404e+16
81300 2.1813342069671776e+16
81600 2.2087262395425692e+16
81900 2.211147131667241e+16
82200 2.2600866799014708e+16
82500 2.329666586286329e+16
82800 2.3505434005969424e+16
83100 2.3799690815646268e+16
83400 2.3886959847590676e+16
83700 2.389653859966018e+16
84000 2.3910768408520148e+16
84300 2.392094433190703e+16
84600 2.3968539435221484e+16
84900 2.398312727313633e+16
85200 2.3996721502824336e+16
85500 2.4005079346070356e+16
85800 2.4047693548840104e+16
86100 2.4055741505890244e+16
86400 2.40736565767544e+16
86700 2.4079335102020492e+16
