0 0
300 1931443074.0
600 1943520363.0
900 1959539104.0
1200 2397276685.0
1500 216860750862.0
1800 216875958032.0
2100 216899801570.0
2400 8288332073072.0
2700 25784083647377.0
3000 43524821900576.0
3300 47243382464011.0
3600 48845290354508.0
3900 51458221188086.0
4200 66770982863050.0
4500 98222507839687.0
4800 107018514886288.0
5100 152777468291323.0
5400 186355931165352.0
5700 192296884240783.0
6000 200355058423345.0
6300 210321922324271.0
6600 216467089795068.0
6900 225792964481384.0
7200 236009137446388.0
7500 248730222454834.0
7800 256300800257585.0
8100 266081612866770.0
8400 273751919346957.0
8700 285738791239541.0
9000 298682891875847.0
9300 307766610796206.0
9600 319499342487660.0
9900 334476791440555.0
10200 346966028944351.0
10500 355034810626919.0
10800 363612392449525.0
11100 372758425204201.0
11400 380782973151274.0
11700 394083575155252.0
12000 400591389729611.0
12300 405444125221242.0
12600 460952385437695.0
12900 480965662616200.0
13200 542508771857311.0
13500 609306659841378.0
13800 667876742417681.0
14100 711132671363598.0
14400 775072023948169.0
14700 840152296548075.0
15000 890245892639218.0
15300 938393102722125.0
15600 981078539295466.0
15900 1064153085951239.0
16200 1144486733405039.0
16500 1259913454248725.0
16800 1305254876250816.0
17100 1324348226744434.0
17400 1345151668741035.0
17700 1394065020086677.0
18000 1415488417163860.0
18300 1430237753926861.0
18600 1448080621531697.0
18900 1468810633533841.0
19200 1489366595987660.0
19500 1500776019036627.0
19800 1508372133610485.0
20100 1512503394545394.0
20400 1514572444105893.0
20700 1531443652514361.0
21000 1541625429016797.0
21300 1546013078232078.0
21600 1551423227163660.0
21900 1565424857071153.0
22200 1570380403588933.0
22500 1577006509648776.0
22800 1594146524656780.0
23100 1599536221577402.0
23400 1599536883748962.0
23700 1599540721832283.0
24000 1599612772958734.0
24300 1599882656053395.0
24600 1599976625839514.0
24900 1599980476948008.0
25200 1600002032197254.0
25500 1600008506015381.0
25800 1600016975866081.0
26100 1600018424243852.0
26400 1600839953807138.0
26700 1603870019602471.0
27000 1603892959824759.0
27300 1603899937427339.0
27600 1603922436054258.0
27900 1604647123396075.0
28200 1605460959910551.0
28500 1605469897762146.0
28800 1605473488853619.0
29100 1605473946618743.0
29400 1605473969374385.0
29700 1605659058178353.0
30000 1605684093955183.0
30300 1605684302591656.0
30600 1605684334102289.0
30900 1605684338332467.0
31200 1605684372792288.0
31500 1605684424993654.0
31800 1605684433327572.0
32100 1605684526527286.0
32400 1605685931259714.0
32700 1605685954666675.0
33000 1605690696078859.0
33300 1605955656438080.0
33600 1606007829288212.0
33900 1606022872195998.0
34200 1606023625706535.0
34500 1606023848783636.0
34800 1606023959758965.0
35100 1606024011649191.0
35400 1606025419520683.0
35700 1606028022748438.0
36000 1606028214094366.0
36300 1606105343192012.0
36600 1606105362852719.0
36900 1606361341220870.0
37200 1606364238723777.0
37500 1606364264249106.0
37800 1606475144885902.0
38100 1606477186341614.0
38400 1606479635596243.0
38700 1606576442274186.0
39000 1606579816984967.0
39300 1606601338662484.0
39600 1606604786118023.0
39900 1606636138178079.0
40200 1606643449011915.0
40500 1606645506539305.0
40800 1606705124278103.0
41100 1606705170949704.0
41400 1606743554006723.0
41700 1606757228365359.0
42000 1606759914096943.0
42300 1606771658825156.0
42600 1606871387267487.0
42900 1606882371324750.0
43200 1606936027585018.0
43500 1606948846046435.0
43800 1606948846046435.0
44100 1606951180730082.0
44400 1606977988173599.0
44700 1606978003899608.0
45000 1606978039453497.0
45300 1606978068930648.0
45600 1606978069015361.0
45900 1606978107057301.0
46200 1606978228045818.0
46500 1607084428521876.0
46800 1607086711552500.0
47100 1607086998627220.0
47400 1607088231413159.0
47700 1607088354200681.0
48000 1607089358144863.0
48300 1607090521136948.0
48600 1607090567101528.0
48900 1607091477397948.0
49200 1607091477397948.0
49500 1607091648750009.0
49800 1607092193583489.0
50100 1607092328193097.0
50400 1607092362383374.0
50700 1607095736197244.0
51000 1607095736197244.0
51300 1607095869500963.0
51600 1607096845772360.0
51900 1607096890179124.0
52200 1607097159321573.0
52500 1607097174222132.0
52800 1607097174222132.0
53100 1607097200022867.0
53400 1607097241652834.0
53700 1607097309091137.0
54000 1607097344230105.0
54300 1607097788576951.0
54600 1607097831487192.0
54900 1607104404820773.0
55200 1607105380151742.0
55500 1607105510063945.0
55800 1607105541320750.0
56100 1607105719333009.0
56400 1607105834877407.0
56700 1607105871157290.0
57000 1607105871464688.0
57300 1607105939345491.0
57600 1607106050482939.0
57900 1607106067357622.0
58200 1607106202141503.0
58500 1607106262840470.0
58800 1607107793482526.0
59100 1607109659597374.0
59400 1607109687120257.0
59700 1607109875371878.0
60000 1607109875371878.0
60300 1607109920183146.0
60600 1607109943418055.0
60900 1607109962309738.0
61200 1607109989104364.0
61500 1607114685529524.0
61800 1607116034797934.0
62100 1607116074237548.0
62400 1607117232543523.0
62700 1607117355677070.0
63000 1607119511109224.0
63300 1607119511360006.0
63600 1607119511360006.0
63900 1607119624263765.0
64200 1607119641514386.0
64500 1607125285663505.0
64800 1607125361018822.0
65100 1607125398665563.0
65400 1607125401057644.0
65700 1607125538320378.0
66000 1607126142345630.0
66300 1607126155302816.0
66600 1607127423590263.0
66900 1607127444235521.0
67200 1607127449981694.0
67500 1607127483279413.0
67800 1607127493779879.0
68100 1607127512543619.0
68400 1607127539344979.0
68700 1607127551475837.0
69000 1607128260746363.0
69300 1607130937311461.0
69600 1607131954057646.0
69900 1607132077105771.0
70200 1607132806586241.0
70500 1607133479198717.0
70800 1607133554500279.0
71100 1607133865028083.0
71400 1607133975337665.0
71700 1607134950338032.0
72000 1607135175808081.0
72300 1607135202233130.0
72600 1607135202233130.0
72900 1607135229802845.0
73200 1607136161457858.0
73500 1607136253909260.0
73800 1607136281338603.0
74100 1607136287553790.0
74400 1607514654310969.0
74700 1609320944093476.0
75000 1610986010534192.0
75300 1613384485292115.0
75600 1614576208088671.0
75900 1616129812626588.0
76200 1618230504695505.0
76500 1620018479648437.0
76800 1620127615166408.0
77100 1620130462118353.0
77400 1620133185162604.0
77700 1620135810618225.0
78000 1620135810618225.0
78300 1620136494300228.0
78600 1620136645929594.0
78900 1620139666805707.0
79200 1620140349974834.0
79500 1620140357455435.0
79800 1620142366304490.0
80100 1620142550755258.0
80400 1620175981469158.0
80700 1620175999173232.0
81000 1620176311263879.0
81300 1620176317327468.0
81600 1620177473137872.0
81900 1620177644216992.0
82200 1620177789151124.0
82500 1620178039160076.0
82800 1620178361337323.0
83100 1620178491160161.0
83400 1620178568698718.0
83700 1620178584779555.0
84000 1620179380217873.0
84300 1620179637184544.0
84600 1620179648214860.0
84900 1620179687642296.0
85200 1620179687642296.0
85500 1620179688237659.0
85800 1620179707673579.0
