0 0
300 26008060462338.0
600 51010301016828.0
900 77423816537423.0
1200 103123608674576.0
1500 134285773353651.0
1800 162970607439520.0
2100 193208992524020.0
2400 218631539076024.0
2700 244088004199517.0
3000 268020442567584.0
3300 292664591007112.0
3600 316067800880461.0
3900 340392609947989.0
4200 362952795416844.0
4500 387297257173428.0
4800 409691195716390.0
5100 436013569440949.0
5400 458877954751567.0
5700 481301510344858.0
6000 501606979442647.0
6300 522972759537455.0
6600 543685622184742.0
6900 565210595981240.0
7200 583556951170146.0
7500 602814795736528.0
7800 621252166508494.0
8100 640597647255583.0
8400 676650213373544.0
8700 707318903952785.0
9000 757307641862336.0
9300 782560820365038.0
9600 799941932730740.0
9900 816831571819451.0
10200 834154605627658.0
10500 851020037999030.0
10800 867697861751855.0
11100 883731889008368.0
11400 899632195842728.0
11700 915269226474032.0
12000 930588714138734.0
12300 946405368727612.0
12600 960597083307218.0
12900 975332399601626.0
13200 989692060124209.0
13500 1004787609688312.0
13800 1019691833291025.0
14100 1035356941102042.0
14400 1050168903403736.0
14700 1064733781350517.0
15000 1078529452471429.0
15300 1092949500019938.0
15600 1109994335410005.0
15900 1129144568879971.0
16200 1143676578044388.0
16500 1157661673188328.0
16800 1170790732417331.0
17100 1184497772989184.0
17400 1200046811301121.0
17700 1214612590581370.0
18000 1228145780370960.0
18300 1241268218862765.0
18600 1254523574807834.0
18900 1267685832076936.0
19200 1281575072720085.0
19500 1295685885027274.0
19800 1308614534105834.0
20100 1322050703436635.0
20400 1335818004038222.0
20700 1348510134632388.0
21000 1361651594559794.0
21300 1374379011361247.0
21600 1386970063204515.0
21900 1392205831282956.0
