0 0
30 76120135138518.0
60 160750130931420.0
90 252111559827309.0
120 347762456128489.0
150 448006274744995.0
180 551046419709841.0
210 657853532674383.0
240 765619993729128.0
270 874983374783012.0
300 985191381481311.0
330 1097939876339500.0
360 1211617136717901.0
390 1327895856544333.0
420 1445987374536853.0
450 1565975250517784.0
480 1687672362744290.0
510 1810585668494192.0
540 1933242300807573.0
570 2056593463162967.0
600 2180570857096451.0
630 2279165596961870.0
660 2403642107903812.0
690 2528413686177492.0
720 2651627287720013.0
750 2771416054500359.0
780 2884628414363684.0
810 2998927675282937.0
840 3109856089992053.0
870 3220182002382049.0
900 3328191918386615.0
930 3437211493976916.0
960 3547210946733929.0
990 3657898772953974.0
1020 3765701246437077.0
1050 3875150067690367.0
1080 3983341356533824.0
1110 4090486485702661.0
1140 4198110923112863.0
1170 4305805631542734.0
1200 4412849298970000.0
1230 4520546355002240.0
1260 4627790104402870.0
1290 4734527329705688.0
1320 4841699643298759.0
1350 4949591602835461.0
1380 5056455727300380.0
1410 5163440179201654.0
1440 5269137267123724.0
1470 5347997542714635.0
1500 5469567284392698.0
1530 5591602806254027.0
1560 5712246971217162.0
1590 5832924492435783.0
1620 5952885578276018.0
1650 6072461381233289.0
1680 6193063453642294.0
1710 6313780199908574.0
1740 6433718350681975.0
1770 6553701793905826.0
1800 6673542652478885.0
1830 6794804145499993.0
1860 6913627473644577.0
1890 7033796298621491.0
1920 7153435190809225.0
1950 7273790651417255.0
1980 7392609415315203.0
2010 7512178314283509.0
2040 7631994660559109.0
2070 7751084813436132.0
2100 7870105241286615.0
2130 7989476137036968.0
2160 8109279005072733.0
2190 8228231893490271.0
2220 8347602363990626.0
2250 8466628097276125.0
2280 8585774972730319.0
2310 8703193555908836.0
2340 8822401473960134.0
2370 8942057980822481.0
2400 9061166333593140.0
2430 9180553127308936.0
2460 9300272553578268.0
2490 9410632236220278.0
2520 9529647291546292.0
2550 9648605327709346.0
2580 9767404896261334.0
2610 9887077556292862.0
2640 1.0006073267369204e+16
2670 1.0125791001707278e+16
2700 1.0245021212994368e+16
2730 1.0363290698292316e+16
2760 1.0482400763071994e+16
2790 1.0601406538696222e+16
2820 1.0720590863726162e+16
2850 1.0838456702567152e+16
2880 1.0957861723927864e+16
2910 1.107718873083793e+16
2940 1.119521414434864e+16
2970 1.1312969005368682e+16
3000 1.1431102300847878e+16
3030 1.1549959776030724e+16
3060 1.1668431772320694e+16
3090 1.1788126488069872e+16
3120 1.1906942519439908e+16
3150 1.2026792382904854e+16
3180 1.2145616223558062e+16
3210 1.2264360794202252e+16
3240 1.2384035190246154e+16
3270 1.25028784420841e+16
3300 1.2621976159259514e+16
3330 1.2738850048222836e+16
3360 1.2856729822430548e+16
3390 1.2976136186557404e+16
3420 1.3095020508025748e+16
3450 1.3213688824524172e+16
3480 1.3331891662294024e+16
3510 1.3450333142632792e+16
3540 1.3568779068029728e+16
3570 1.368829988976182e+16
3600 1.3806808048813236e+16
3630 1.3925599353100076e+16
3660 1.4044911588833608e+16
3690 1.4163801435348068e+16
3720 1.4283049962138992e+16
3750 1.440230227096208e+16
3780 1.4520012173716752e+16
3810 1.463889085764206e+16
3840 1.4757670925612572e+16
3870 1.487651533670264e+16
3900 1.4910051778633512e+16
3930 1.4910052995556428e+16
3960 1.4910055619881204e+16
3990 1.4910057680970648e+16
4020 1.4910275332700848e+16
4050 1.491042258397074e+16
4080 1.491540375659582e+16
4110 1.4915811063880264e+16
4140 1.4915811063880264e+16
4170 1.4915814574010356e+16
4200 1.4915814574010356e+16
4230 1.4915819067654912e+16
4260 1.4915819067818688e+16
4290 1.491582356129742e+16
4320 1.491582356129742e+16
4350 1.4915828054776152e+16
4380 1.4915828054776152e+16
4410 1.4915832548254884e+16
4440 1.4915832548254884e+16
4470 1.4915837042059184e+16
4500 1.4915837043019304e+16
4530 1.4915841536498036e+16
4560 1.491585693824486e+16
