0 0
300 1311356575402.0
600 2924585883322.0
900 5657851276566.0
1200 6247071816897.0
1500 6401178635717.0
1800 6546209238571.0
2100 6777366098893.0
2400 7000755553637.0
2700 7149861112973.0
3000 7159839950906.0
3300 7160470811154.0
3600 7161880298839.0
3900 7163883030152.0
4200 7178100208729.0
4500 7194539669132.0
4800 7225044571093.0
5100 7233500595318.0
5400 7241078794288.0
5700 7241580579855.0
6000 8994236726367.0
6300 10151969386873.0
6600 10540438034823.0
6900 12025257636940.0
7200 13230781501640.0
7500 14632670366684.0
7800 14684598918711.0
8100 14731235556389.0
8400 14831058365955.0
8700 14996357228274.0
9000 15179680063519.0
9300 15423157474153.0
9600 16018029783781.0
9900 18559491781803.0
10200 18856894973940.0
10500 19218447912890.0
10800 19486533889131.0
11100 20199948441831.0
11400 20753167225074.0
11700 21262409117498.0
12000 21655191711556.0
12300 22430051434625.0
12600 22884784576143.0
12900 23560639658622.0
13200 23963705302807.0
13500 24626422691319.0
13800 25223094092787.0
14100 25597567584560.0
14400 26128257255971.0
14700 26737246263550.0
15000 27327928655192.0
15300 27761538155059.0
15600 28401333305583.0
15900 29281160655478.0
16200 29816619370005.0
16500 30197491499318.0
16800 30481731009145.0
17100 31004436399595.0
17400 31532550926116.0
17700 32504727295805.0
18000 32830527399977.0
18300 33157161895135.0
18600 33532515441981.0
18900 34443462015828.0
19200 36044677221669.0
19500 36781314428519.0
19800 37644342568288.0
20100 38823479502578.0
20400 40140139922901.0
20700 40838118048532.0
21000 43197777743777.0
21300 46153250130871.0
21600 48691562798683.0
21900 51842324687188.0
22200 53676491482539.0
22500 54616913452778.0
22800 57477498605001.0
23100 57828135209572.0
23400 58271936260439.0
23700 58710206332631.0
24000 59218464548274.0
24300 60188530629020.0
24600 61526502299229.0
24900 63002258887680.0
25200 64184017938211.0
25500 66380089683158.0
25800 72935678012303.0
26100 76239488895366.0
26400 79822236604053.0
26700 84583658990871.0
27000 88942031785202.0
27300 93328319822369.0
27600 99575938573461.0
27900 102357701080110.0
28200 104372389511254.0
28500 105481602914981.0
28800 105868942965357.0
29100 106277641287186.0
29400 106804227087136.0
29700 109723895264244.0
30000 110959279765864.0
30300 114564933931555.0
30600 114764283642481.0
30900 119885830349456.0
31200 128270254135446.0
31500 136557646660839.0
31800 141529294137700.0
32100 147644286620579.0
32400 155768012614624.0
32700 163934262034425.0
33000 172497056760830.0
33300 180266106467909.0
33600 189154175776904.0
33900 196468015981015.0
34200 205097061634678.0
34500 214026515228617.0
34800 222316248450574.0
35100 227414754995099.0
35400 231633829514162.0
35700 236615746228616.0
36000 243000306753588.0
36300 250508555039706.0
36600 255916794558408.0
36900 259850129344086.0
37200 264815748804444.0
37500 268270644042906.0
37800 271846089555504.0
38100 275499179873245.0
38400 278804077802541.0
38700 283434556136510.0
39000 287929428667773.0
39300 290600315201943.0
39600 292477216533196.0
39900 293078199724778.0
40200 294089291468585.0
40500 294461663030888.0
40800 294482221270733.0
41100 294556240491326.0
41400 294568873522789.0
41700 294584147164245.0
42000 294615948264937.0
42300 294618018146469.0
42600 294619407608834.0
42900 294619734136640.0
43200 294623969801413.0
43500 294624783893756.0
43800 294627143104278.0
44100 294627523241353.0
44400 294627765090917.0
44700 294628100385641.0
45000 294628446969426.0
45300 294628803132286.0
45600 294629050727102.0
45900 294629457453859.0
46200 294629702045021.0
46500 294630012839020.0
46800 294630457549305.0
47100 294678101825702.0
47400 294678533969372.0
47700 294678773430101.0
48000 294679696970901.0
48300 294680074354864.0
48600 294680288390969.0
48900 294680612471950.0
49200 294688687367253.0
49500 294717812112238.0
49800 294718189399149.0
50100 294719684698855.0
50400 294720877472502.0
50700 294723172541122.0
51000 294743025859688.0
51300 294925488957617.0
51600 295480728292870.0
51900 295962521362715.0
52200 297191794097553.0
52500 299734097316051.0
52800 302361061818136.0
53100 306130181097345.0
53400 313213521733544.0
53700 318878661391558.0
54000 325484247696695.0
54300 332251624796720.0
54600 339911776560435.0
54900 354215513757327.0
55200 366132562833888.0
55500 377129528680365.0
55800 389884458592818.0
56100 399353508091809.0
56400 406847932183163.0
56700 414900000011548.0
57000 421610521623293.0
57300 429614917487963.0
57600 438616495271815.0
57900 444276192361771.0
58200 453071802325767.0
58500 458788677279263.0
58800 461491518085322.0
59100 463510351920300.0
59400 466020341363992.0
59700 467654607186042.0
60000 469134124336188.0
60300 470066963257626.0
60600 472503812961189.0
60900 475499290850648.0
61200 478943058052137.0
61500 481225217345531.0
61800 484743632400186.0
62100 487003305402935.0
62400 488543579880514.0
62700 490753416953468.0
63000 491983069840793.0
63300 494689646758969.0
63600 496955793238959.0
63900 498868712860414.0
64200 500595937187851.0
64500 503056858606629.0
64800 506036403772471.0
65100 509522530709214.0
65400 514140167907433.0
65700 518875418996872.0
66000 524226332503013.0
66300 528852345138416.0
66600 535286903467412.0
66900 544532154655857.0
67200 549552009040314.0
67500 551842066105649.0
67800 555747059401482.0
68100 559559857224981.0
68400 562855000046593.0
68700 564561442108671.0
69000 568974617359730.0
69300 571367205605967.0
69600 571941850544726.0
69900 572104583297923.0
70200 572163187107052.0
70500 573200765890321.0
70800 573723136296489.0
71100 573923853126956.0
71400 575705546478761.0
71700 580793103068246.0
72000 584510147131961.0
72300 589045128841742.0
72600 596266748717375.0
72900 602499346993786.0
73200 610951044574069.0
73500 618196294203371.0
73800 624084627057475.0
74100 632783992269532.0
74400 638957413231118.0
74700 641626193336208.0
75000 647065306899762.0
75300 648630206854193.0
75600 649370058998750.0
75900 650629142997321.0
76200 653363157694752.0
76500 655024311483460.0
76800 657066503219427.0
77100 660472180402852.0
77400 668336953564919.0
77700 669518158538290.0
78000 670497826262196.0
78300 672010708005681.0
78600 674821564619179.0
78900 677498983757079.0
79200 681204693189710.0
79500 683045381352748.0
79800 683571535230017.0
80100 684013767849089.0
80400 684113942287028.0
80700 684245858465015.0
81000 686522567632966.0
81300 689481377772478.0
81600 689701211139129.0
81900 694461083140810.0
82200 702420557691178.0
82500 710042342417929.0
82800 712359570624593.0
83100 715961762561926.0
83400 719681950146821.0
83700 721363107323482.0
84000 725891192344918.0
84300 733489994440658.0
84600 741622604761620.0
84900 746324431454915.0
85200 751982431863645.0
85500 760922379546210.0
85800 771946246852913.0
86100 776951210576941.0
86400 779445408080236.0
86700 780635552199806.0
