0 0
300 12365257211.0
600 26074208581.0
900 39680353963.0
1200 48754883781.0
1500 57914049817.0
1800 63739930828.0
2100 79815665643.0
2400 94052024613.0
2700 101587547440.0
3000 111383565834.0
3300 128678049823.0
3600 137528459669.0
3900 143639383028.0
4200 151051484791.0
4500 156493922192.0
4800 167848348456.0
5100 172516548716.0
5400 179228419881.0
5700 188025530356.0
6000 194035886630.0
6300 206930274854.0
6600 216239112419.0
6900 229951059570.0
7200 239680161410.0
7500 243872774594.0
7800 250759380573.0
8100 255721569512.0
8400 263685233088.0
8700 274832122295.0
9000 282725623242.0
9300 287578253134.0
9600 292618820875.0
9900 300405672761.0
10200 309612576225.0
10500 327538378380.0
10800 339286982159.0
11100 346421102191.0
11400 351707361176.0
11700 358421339596.0
12000 363516943918.0
12300 372660269410.0
12600 381156834464.0
12900 387143930169.0
13200 391222891662.0
13500 393972617421.0
13800 397939704076.0
14100 408376873372.0
14400 413135869311.0
14700 417089748089.0
15000 420748622213.0
15300 422492469608.0
15600 424951667090.0
15900 429057491368.0
16200 434039944565.0
16500 440132910293.0
16800 448242507772.0
17100 452992923581.0
17400 455985938492.0
17700 463845171216.0
18000 468056393091.0
18300 471468586065.0
18600 474650789165.0
18900 477575153880.0
19200 480628373010.0
19500 484700394059.0
19800 488301519364.0
20100 491766522584.0
20400 494990606044.0
20700 495673994363.0
21000 499048006398.0
21300 505422547566.0
21600 509630816512.0
21900 513596401498.0
22200 515423140636.0
22500 517256460809.0
22800 519993062516.0
23100 522392471659.0
23400 525486749035.0
23700 528059975669.0
24000 529289183023.0
24300 531036909308.0
24600 533206470361.0
24900 536835303129.0
25200 540737544023.0
25500 543864808431.0
25800 546328796805.0
26100 548242300397.0
26400 551564586014.0
26700 553608230655.0
27000 556288917375.0
27300 559827232425.0
27600 561003257656.0
27900 562698422343.0
28200 564148028213.0
28500 567949359884.0
28800 572826274551.0
29100 575802741658.0
29400 577920209557.0
29700 581136833982.0
30000 583408567916.0
30300 585973102034.0
30600 589087299488.0
30900 592224979598.0
31200 594969174000.0
31500 596464162715.0
31800 598981266516.0
32100 603801226944.0
32400 608471324814.0
32700 611240572086.0
33000 615324516893.0
33300 618071565378.0
33600 620312837769.0
33900 623901013045.0
34200 626780971853.0
34500 629034377293.0
34800 633617465068.0
35100 638764044806.0
35400 642239475366.0
35700 648046358855.0
36000 654291004895.0
36300 657909023823.0
36600 661927039675.0
36900 665901367625.0
37200 669513813900.0
37500 674023927234.0
37800 679340411722.0
38100 682943164260.0
38400 689253774801.0
38700 700245928118.0
39000 705036723106.0
39300 711002460851.0
39600 716282502214.0
39900 721153260718.0
40200 726790227199.0
40500 732696085110.0
40800 737863962131.0
41100 741209413484.0
41400 748787706784.0
41700 755734082844.0
42000 762284790692.0
42300 771120462692.0
42600 778206426168.0
42900 788858392093.0
43200 795481447396.0
43500 800715813077.0
43800 806030672258.0
44100 810460946863.0
44400 816793438195.0
44700 825390759343.0
45000 834646209994.0
45300 841974365491.0
45600 846847204328.0
45900 852257359019.0
46200 860340427527.0
46500 869151597277.0
46800 877410493303.0
47100 883196343875.0
47400 889666789478.0
47700 898602129090.0
48000 905553647557.0
48300 912810266091.0
48600 919334966366.0
48900 927295783938.0
49200 935174794088.0
49500 941643109878.0
49800 951451003431.0
50100 961044266185.0
50400 971225915663.0
50700 978104854140.0
51000 984371814382.0
51300 992833121522.0
51600 1064315664614.0
51900 1074752653809.0
52200 1086352738500.0
52500 1095521239815.0
52800 1105601236393.0
53100 1116080862001.0
53400 1134233057015.0
53700 1143150787118.0
54000 1153297609733.0
54300 1161063107256.0
54600 1170420671564.0
54900 1179991760827.0
55200 1196875906374.0
55500 1205022831749.0
55800 1213961394497.0
56100 1228553973879.0
56400 1242658741651.0
56700 1255249952544.0
57000 1264508353816.0
57300 1275673743517.0
57600 1284046325950.0
57900 1293435410350.0
58200 1304120144633.0
58500 1316995036356.0
58800 1328395371338.0
59100 1336949464917.0
59400 1348305825013.0
59700 1359084976799.0
60000 1366056764489.0
60300 1376609725668.0
60600 1386618075513.0
60900 1397424164862.0
61200 1406396728624.0
61500 1417159955316.0
61800 1428255826577.0
62100 1441112581559.0
62400 1450553307454.0
62700 1460022023761.0
63000 1474290656533.0
63300 1489602612371.0
63600 1501609926981.0
63900 1515658392422.0
64200 1535055285220.0
64500 1556207882344.0
64800 1568306212127.0
65100 1576669315391.0
65400 1589119339120.0
65700 1598782549628.0
66000 1609148904344.0
66300 1622550752475.0
66600 1636003615469.0
66900 1649107989452.0
67200 1657204108299.0
67500 1677220587849.0
67800 1698066376528.0
68100 1716759786715.0
68400 1729088305949.0
68700 1735792675926.0
69000 1749038827387.0
69300 1758559058737.0
69600 1772614116821.0
69900 1786094466555.0
70200 1794943666439.0
70500 1807326519785.0
70800 1819319664092.0
71100 1837174516637.0
71400 1852196590165.0
71700 1865215454879.0
72000 1874942829422.0
72300 1882977537712.0
72600 1895291380361.0
72900 1906570665434.0
73200 1916062053896.0
73500 1927333781328.0
73800 1936861336799.0
74100 1947002483843.0
74400 1955378642007.0
74700 1968929348367.0
75000 1981995426951.0
75300 1993313367111.0
75600 2005607923263.0
75900 2017655315910.0
76200 2028326031768.0
76500 2038767453909.0
76800 2049013051045.0
77100 2058762983525.0
77400 2069689642888.0
77700 2081517227766.0
78000 2091278539780.0
78300 2104470677380.0
78600 2117369558590.0
78900 2131312394842.0
79200 2141793836100.0
79500 2148209141655.0
79800 2159839795171.0
80100 2170216054764.0
80400 2183106197222.0
80700 2193275904715.0
81000 2204120909629.0
81300 2214960544503.0
81600 2224504080441.0
81900 2238388054756.0
82200 2254868280453.0
82500 2269393318135.0
82800 2278463813762.0
83100 2288613436761.0
83400 2301374075000.0
83700 2314727471107.0
84000 2326089322132.0
84300 2332787843996.0
84600 2341869984654.0
84900 2350746860198.0
85200 2357150901644.0
85500 2365364542675.0
85800 2375367432393.0
86100 2385736858035.0
86400 2394500132008.0
86700 2397531378625.0
