0 0
300 1356437426.0
600 2628613413.0
900 14983341055.0
1200 15907902479.0
1500 17819066143.0
1800 18970416084.0
2100 21634765233.0
2400 29553473115.0
2700 34381520014.0
3000 39036343091.0
3300 43775861094.0
3600 52717897983.0
3900 76626620434.0
4200 78154970244.0
4500 80666143042.0
4800 82605816500.0
5100 84261092983.0
5400 86211236033.0
5700 87293810040.0
6000 88885907351.0
6300 102166082566.0
6600 104068624427.0
6900 110755638347.0
7200 139312139643.0
7500 143074818040.0
7800 198262465219.0
8100 211157390691.0
8400 218005792021.0
8700 224837142924.0
9000 239431471420.0
9300 247594781371.0
9600 249670219854.0
9900 250266537400.0
10200 250950523115.0
10500 252799850587.0
10800 255311819226.0
11100 258754566012.0
11400 263913208538.0
11700 265510092472.0
12000 267173061681.0
12300 269269371571.0
12600 270850432362.0
12900 271677413290.0
13200 280606841297.0
13500 281667213993.0
13800 283124572717.0
14100 285173400337.0
14400 285590367268.0
14700 294658410921.0
15000 297561555494.0
15300 302861023213.0
15600 303712581987.0
15900 304959357071.0
16200 305541452582.0
16500 306478054135.0
16800 308569580449.0
17100 309298291147.0
17400 310016238799.0
17700 311091761293.0
18000 314422533792.0
18300 384028809759.0
18600 386880727108.0
18900 390667241661.0
19200 394931630197.0
19500 395637482780.0
19800 396217249840.0
20100 399989613690.0
20400 408702928611.0
20700 409371164151.0
21000 410413234454.0
21300 411366787804.0
21600 412676328979.0
21900 418050242510.0
22200 419823317232.0
22500 425872701596.0
22800 481402774110.0
23100 483787623087.0
23400 485085374300.0
23700 488282568790.0
24000 489529599287.0
24300 489946061626.0
24600 492306150676.0
24900 496456989637.0
25200 497354909736.0
25500 505367238320.0
25800 513685199643.0
26100 527049766268.0
26400 544874795224.0
26700 549529019282.0
27000 550183565350.0
27300 551095491167.0
27600 557367825947.0
27900 560000943670.0
28200 560735133608.0
28500 562280296366.0
28800 563009882710.0
29100 570168425635.0
29400 572568745806.0
29700 574232817175.0
30000 587030465592.0
30300 590408501016.0
30600 590902728803.0
30900 592904280701.0
31200 593806230727.0
31500 597840899716.0
31800 600589523583.0
32100 601343714127.0
32400 602154787681.0
32700 605598847417.0
33000 612893065407.0
33300 615290815627.0
33600 615847535538.0
33900 638645744114.0
34200 640634713240.0
34500 641184422748.0
34800 642903251265.0
35100 655020196850.0
35400 660453539475.0
35700 667517508672.0
36000 678250868082.0
36300 682477051412.0
36600 685265761038.0
36900 693103506020.0
37200 694792027953.0
37500 696583704163.0
37800 702321409137.0
38100 703878042884.0
38400 704903975030.0
38700 708936853894.0
39000 710372509727.0
39300 710924905437.0
39600 721132994364.0
39900 724072149144.0
40200 726111117617.0
40500 729415707836.0
40800 732815950573.0
41100 734387779221.0
41400 738029374610.0
41700 739629813628.0
42000 740815231146.0
42300 742690999386.0
42600 748440744548.0
42900 749796914085.0
43200 752645895495.0
43500 761377145315.0
43800 765688248106.0
44100 769148665049.0
44400 773893354162.0
44700 775156909958.0
45000 777062695027.0
45300 778054611838.0
45600 788553394124.0
45900 810012663515.0
46200 811366815679.0
46500 811735871278.0
46800 812751779758.0
47100 817157332067.0
47400 821069622211.0
47700 824469124588.0
48000 826100403535.0
48300 827453535343.0
48600 833164786804.0
48900 843190782363.0
49200 848636167751.0
49500 850901355917.0
49800 852214793154.0
50100 860923801529.0
50400 864479325443.0
50700 867497366674.0
51000 875965111945.0
51300 882213648026.0
51600 886926032954.0
51900 887860734489.0
52200 889304176109.0
52500 889860840433.0
52800 890479507285.0
53100 894637947809.0
53400 897677214368.0
53700 898800474559.0
54000 901558278376.0
54300 907193883063.0
54600 915303163392.0
54900 917157923797.0
55200 918483253159.0
55500 921781027442.0
55800 922608397676.0
56100 923791214804.0
56400 937190414957.0
56700 941906925570.0
57000 943674540207.0
57300 947221052176.0
57600 948122589590.0
57900 956571150251.0
58200 959504787742.0
58500 968031761148.0
58800 982884574338.0
59100 989827968240.0
59400 996174689682.0
59700 1003556376088.0
60000 1019171870178.0
60300 1026943067025.0
60600 1034320324609.0
60900 1036290064734.0
61200 1040041143528.0
61500 1041142514180.0
