0 0
300 38025228011771.0
600 75942910829734.0
900 113000015875663.0
1200 151743009431021.0
1500 190493419499538.0
1800 228760559961553.0
2100 266879870460513.0
2400 304579341955156.0
2700 341690356800202.0
3000 379324254234565.0
3300 416298178767817.0
3600 453046110355408.0
3900 489306915244321.0
4200 524519986271643.0
4500 558655836171061.0
4800 592498647488876.0
5100 627056092866684.0
5400 661887762129063.0
5700 696568539569456.0
6000 730642133384240.0
6300 764030203700350.0
6600 794699403282346.0
6900 826770165074777.0
7200 857935331559138.0
7500 889231026935171.0
7800 919502894648708.0
8100 950402080811994.0
8400 982191999117768.0
8700 1012565825953786.0
9000 1043131566664485.0
9300 1073581383758704.0
9600 1103483846176381.0
9900 1132715822292912.0
10200 1162213095232933.0
10500 1190970850694742.0
10800 1219704686743350.0
11100 1248439005996998.0
11400 1276157194081691.0
11700 1303268020630392.0
12000 1329478880843978.0
12300 1356656598186965.0
12600 1383430974530966.0
12900 1409318996688626.0
13200 1434078243496733.0
13500 1459847021932972.0
13800 1485374833372066.0
14100 1510652518085265.0
14400 1536184166916312.0
14700 1561241573085569.0
15000 1585483420206817.0
15300 1610131878461380.0
15600 1633847990481849.0
15900 1657063121842246.0
16200 1680944028512117.0
16500 1704738832656141.0
16800 1729127585473799.0
17100 1754545804090302.0
17400 1780856446089822.0
17700 1806377066481417.0
18000 1832133974342755.0
18300 1857601033982641.0
18600 1882255264248832.0
18900 1907016810435903.0
19200 1932016396067449.0
19500 1957215189334452.0
19800 1982514831156749.0
20100 2008375567451134.0
20400 2033052284041163.0
20700 2057621327603422.0
21000 2081065179905771.0
21300 2104719346004747.0
21600 2127925702284567.0
21900 2139086789750331.0
