0 0
300 51505650989.0
600 84649478427.0
900 102021097480.0
1200 120304798643.0
1500 132752437796.0
1800 146425420718.0
2100 160467635047.0
2400 173956203861.0
2700 188649604403.0
3000 202881645387.0
3300 215405343616.0
3600 229368140519.0
3900 244273481437.0
4200 257634594229.0
4500 269255243603.0
4800 280703329856.0
5100 291037388933.0
5400 302810961799.0
5700 314849645175.0
6000 324689983847.0
6300 333657522300.0
6600 343177758249.0
6900 352531851562.0
7200 360940528190.0
7500 370067633409.0
7800 378560518945.0
8100 385862762904.0
8400 393801995592.0
8700 401038448490.0
9000 408539682845.0
9300 417821389785.0
9600 426109336569.0
9900 433140368638.0
10200 440579528816.0
10500 447793920475.0
10800 456775109963.0
11100 498869136995.0
11400 508354791163.0
11700 517016601515.0
12000 528308590618.0
12300 536000066105.0
12600 548075771337.0
12900 557249910271.0
13200 564908558256.0
13500 572423897887.0
13800 582377983411.0
14100 588926465711.0
14400 593631023947.0
14700 599129716857.0
15000 604407665959.0
15300 608767737357.0
15600 614003304953.0
15900 617873797496.0
16200 622030157686.0
16500 626605430487.0
16800 630421131081.0
17100 636162243673.0
17400 639940355768.0
17700 644588429532.0
18000 648471421176.0
18300 652105876712.0
18600 656245313975.0
18900 659658517901.0
19200 662881217615.0
19500 665766298264.0
19800 668974098725.0
20100 672271558211.0
20400 675029983028.0
20700 677866894310.0
21000 680900022689.0
21300 684127603975.0
21600 687421800144.0
21900 691085202713.0
22200 693528642966.0
22500 697142990883.0
22800 700099427149.0
23100 702416373574.0
23400 705342428893.0
23700 708882974200.0
24000 712170527762.0
24300 714860801347.0
24600 717579521890.0
24900 720643752908.0
25200 723133649105.0
25500 726547913998.0
25800 729188874985.0
26100 732396905805.0
26400 735616758422.0
26700 738635094061.0
27000 742547667437.0
27300 745720921801.0
27600 748980304126.0
27900 753465360977.0
28200 757253368197.0
28500 764275898082.0
28800 768126988073.0
29100 773474014309.0
29400 778157244192.0
29700 785146750964.0
30000 789395237807.0
30300 794017566172.0
30600 799722172493.0
30900 805598151585.0
31200 812163117606.0
31500 818191707124.0
31800 824884327313.0
32100 831888218375.0
32400 838136407919.0
32700 847456564093.0
33000 856169733317.0
33300 863503958675.0
33600 870316469799.0
33900 877526320403.0
34200 885386086631.0
34500 893865267132.0
34800 901455222906.0
35100 909505978183.0
35400 919061168292.0
35700 927728927259.0
36000 935802668511.0
36300 945623255235.0
36600 954257933926.0
36900 963166667201.0
37200 971527563463.0
37500 980419544714.0
37800 989899020874.0
38100 1000963500177.0
38400 1010602986479.0
38700 1020166241035.0
39000 1035767211191.0
39300 1047413982486.0
39600 1057423235083.0
39900 1068179170434.0
40200 1078267459290.0
40500 1089064895686.0
40800 1098769823006.0
41100 1108452801108.0
41400 1118474587642.0
41700 1132053151821.0
42000 1142193898440.0
42300 1153205480235.0
42600 1168156993436.0
42900 1182424456843.0
43200 1193422584789.0
43500 1206019255070.0
43800 1217441480029.0
44100 1229264393308.0
44400 1240174890441.0
44700 1250763345718.0
45000 1261798344588.0
45300 1274155278735.0
45600 1285107288872.0
45900 1300461473936.0
46200 1311021167190.0
46500 1324312365610.0
46800 1335167324114.0
47100 1348958246514.0
47400 1361788806553.0
47700 1375601605866.0
48000 1387079306233.0
48300 1398993346461.0
48600 1411818253643.0
48900 1426579920066.0
49200 1437996832098.0
49500 1450718271442.0
49800 1462042867631.0
50100 1475468324426.0
50400 1486909731618.0
50700 1501725872167.0
51000 1514128559656.0
51300 1527125494194.0
51600 1539164663833.0
51900 1559111874480.0
52200 2076910702514.0
52500 2239285032023.0
52800 2253677703368.0
53100 2273591785274.0
53400 2287420678156.0
53700 2316411470661.0
54000 2329233775583.0
54300 2344652835665.0
54600 2359371599078.0
54900 2374978147396.0
55200 2388617152693.0
55500 2402245194051.0
55800 2415734429899.0
56100 2431835175755.0
56400 2445556232127.0
56700 2459312897008.0
57000 2472955707756.0
57300 2490436367412.0
57600 2504161476356.0
57900 2522146159082.0
58200 2535700977038.0
58500 2549602087039.0
58800 2564047692207.0
59100 2577637859094.0
59400 2593818254158.0
59700 2611577751421.0
60000 2626678779140.0
60300 2642481042429.0
60600 2656264825890.0
60900 2670847694489.0
61200 2684842502245.0
61500 2701961833246.0
61800 2717074640100.0
62100 2731996109515.0
62400 2746743112250.0
62700 2760328368044.0
63000 2775661204417.0
63300 2792583216787.0
63600 2807416312636.0
63900 2823816013555.0
64200 2838546828640.0
64500 2855193613527.0
64800 2870409764222.0
65100 2887748483865.0
65400 2903943187581.0
65700 2920361765888.0
66000 2934860389829.0
66300 2949979651171.0
66600 2965678931917.0
66900 2983553436287.0
67200 3010863318196.0
67500 3027609556898.0
67800 3042510791925.0
68100 3058318116543.0
68400 3075120411626.0
68700 3092086978671.0
69000 3106214748098.0
69300 3123225217205.0
69600 3140222439705.0
69900 3155751235317.0
70200 3171076580643.0
70500 3189513580084.0
70800 3204041407253.0
71100 3229691409331.0
71400 3244998030070.0
71700 3267129859198.0
72000 3283395861612.0
72300 3304103165303.0
72600 3320273224146.0
72900 3337060210438.0
73200 3353115541289.0
73500 3368381731970.0
73800 3386223742568.0
74100 3404761539151.0
74400 3421411794880.0
74700 3436933891092.0
75000 3452765905172.0
75300 3475488386244.0
75600 3496629293835.0
75900 3518572877006.0
76200 3537362878873.0
76500 3554222832184.0
76800 3568959672582.0
77100 3584329314679.0
77400 3601872663121.0
77700 3621394235222.0
78000 3638031010373.0
78300 3656982338887.0
78600 3672234409818.0
78900 3689025457669.0
79200 3703902758659.0
79500 3722806135912.0
79800 3739337905103.0
80100 3755730915618.0
80400 3771205319531.0
80700 3786970146289.0
81000 3806623947442.0
81300 3822298885499.0
81600 3836648065561.0
81900 3853986961602.0
82200 3869575969463.0
82500 3886614201622.0
82800 3904993501459.0
83100 3923342518129.0
83400 3938391138664.0
83700 3953566297201.0
84000 3972302901971.0
84300 3984737136262.0
84600 3999896852925.0
84900 4013349931840.0
85200 4025173912765.0
85500 4039241871526.0
85800 4050666877787.0
86100 4065728492265.0
86400 4082966618647.0
86700 4092517416364.0
