0 0
300 6397423360939.0
600 13882358791176.0
900 20106522643112.0
1200 26177605376950.0
1500 33010979094065.0
1800 38314869055315.0
2100 43030927806031.0
2400 47725719210681.0
2700 53185733332046.0
3000 57275413065545.0
3300 61703454631490.0
3600 65996354845540.0
3900 70488933880163.0
4200 75942751836097.0
4500 81854689104510.0
4800 87021863892926.0
5100 92521421668126.0
5400 97048043044367.0
5700 101627714505517.0
6000 105702360534587.0
6300 109531733850028.0
6600 113588334158378.0
6900 118085653967858.0
7200 121808467932567.0
7500 125335370974593.0
7800 129065521788378.0
8100 132453529265093.0
8400 137274131058838.0
8700 141595789660106.0
9000 149498715247208.0
9300 154221010187919.0
9600 158135433503960.0
9900 161080935565489.0
10200 164111513650309.0
10500 168385510135407.0
10800 172483700559200.0
11100 174779285965453.0
11400 177436595339045.0
11700 180338151075992.0
12000 182861603098023.0
12300 185682085068300.0
12600 188813901875139.0
12900 192922721377177.0
13200 194865393666110.0
13500 196583837772294.0
13800 198162408586951.0
14100 200452403359079.0
14400 202338555157447.0
14700 203935078008795.0
15000 205795177716991.0
15300 207889039294751.0
15600 210998286796023.0
15900 212618614446181.0
16200 214186591970470.0
16500 215448308688440.0
16800 216843767585863.0
17100 218169889119763.0
17400 220349088414481.0
17700 222779009822788.0
18000 224113508404880.0
18300 226477548579173.0
18600 227603009850574.0
18900 228896637676043.0
19200 230497302579009.0
19500 231885119920445.0
19800 234021570422030.0
20100 237092693798601.0
20400 239920894267173.0
20700 242786359973722.0
21000 244423792168200.0
21300 245612940570345.0
21600 246734085854516.0
21900 247890689672926.0
22200 248898413957538.0
22500 250050199928293.0
22800 251455271083661.0
23100 252878091873070.0
23400 254417435946591.0
23700 255537201300958.0
24000 256441333101676.0
24300 257554587099347.0
24600 258788794537871.0
24900 259661806486625.0
25200 260648631319893.0
25500 261616167817735.0
25800 262691222675140.0
26100 263859322619270.0
26400 264909245847143.0
26700 266003837159821.0
27000 266971508822541.0
27300 268309131501244.0
27600 269299876807760.0
27900 272019620028838.0
28200 275767480747432.0
28500 283129105025661.0
28800 286670118130972.0
29100 287621467703804.0
29400 288750845838735.0
29700 289672144214388.0
30000 291167327041962.0
30300 292282241106493.0
30600 293460132027724.0
30900 294362273857743.0
31200 295279478165698.0
31500 296203300819813.0
31800 297407612348986.0
32100 298218641805535.0
32400 299176339274251.0
32700 300162373613996.0
33000 301039223291791.0
33300 302218299692136.0
33600 306234181926857.0
33900 311609032472821.0
34200 313259268179039.0
34500 314335715180822.0
34800 315287142415581.0
35100 316253407828777.0
35400 317311288215999.0
35700 318714146286193.0
36000 319621851794471.0
36300 320284570187125.0
36600 321030784630255.0
36900 322050285488381.0
37200 322826208132074.0
37500 323674824624469.0
37800 325434003987169.0
38100 326312093952281.0
38400 327203493871431.0
38700 329125700243387.0
39000 329721229453616.0
39300 330443131979348.0
39600 331178750801472.0
39900 331727812974255.0
40200 332223947979870.0
40500 332782115920250.0
40800 333939954873467.0
41100 334664284098500.0
41400 335261991254758.0
41700 336249853742381.0
42000 336799878890801.0
42300 337834364415135.0
42600 338283675970270.0
42900 338862464194487.0
43200 339324321448811.0
43500 339832901853994.0
43800 340224649146639.0
44100 340699669082966.0
44400 341903611235443.0
44700 342810187337784.0
45000 343962816246215.0
45300 344459169085304.0
45600 345332290633259.0
45900 345971440599027.0
46200 425624852377503.0
46500 693914897990125.0
46800 1025239027043961.0
47100 1389220151046299.0
47400 1742294026714638.0
47700 2107967504729370.0
48000 2272255054299670.0
48300 2286983999331821.0
48600 2300039302614264.0
48900 2313260926375251.0
49200 2326556812557155.0
49500 2339747173345965.0
49800 2352709497821678.0
50100 2364408513094956.0
50400 2375444335253367.0
50700 2387405679112378.0
51000 2399306264717648.0
51300 2406730285587900.0
51600 2415828931175585.0
51900 2420300117124321.0
52200 2421783368848966.0
52500 2423467436881714.0
52800 2425272944630188.0
53100 2426935256092175.0
53400 2429061189666952.0
53700 2431292943654811.0
54000 2433469071084251.0
54300 2435632863334709.0
54600 2437545810043235.0
54900 2439227762295951.0
55200 2441789259485046.0
55500 2443392771617394.0
55800 2445222124788597.0
56100 2447281069869457.0
56400 2449088133194647.0
56700 2451074335766019.0
57000 2453118031373953.0
57300 2454893014503375.0
57600 2456750363171324.0
57900 2458773687165565.0
58200 2460742167172435.0
58500 2462882762605879.0
58800 2465620552825016.0
59100 2468709991320431.0
59400 2471478968676936.0
59700 2474545434995518.0
60000 2477482744012560.0
60300 2479951075036369.0
60600 2483669368354318.0
60900 2488139781786568.0
61200 2492165591378713.0
61500 2498111318884966.0
61800 2503565552886205.0
62100 2507654631174136.0
62400 2513179861244968.0
62700 2518891630389791.0
63000 2524703677268644.0
63300 2529488339421360.0
63600 2534579161617266.0
63900 2539082115011801.0
64200 2543806581797689.0
64500 2549080039234878.0
64800 2553702324167567.0
65100 2557972199724610.0
65400 2563588144554676.0
65700 2568997058670558.0
66000 2575534111658793.0
66300 2581570333280256.0
66600 2590124544649003.0
66900 2597893193837445.0
67200 2604427148362301.0
67500 2610970974848915.0
67800 2617571990550249.0
68100 2625444884058581.0
68400 2632138130114045.0
68700 2640196362223315.0
69000 2649180949405022.0
69300 2658361967013225.0
69600 2668927800700386.0
69900 2677792580799023.0
70200 2685653978670600.0
70500 2693544383512120.0
70800 2700924554338126.0
71100 2708090924184281.0
71400 2714600266459059.0
71700 2722034035619317.0
72000 2728990500174464.0
72300 2737472770729022.0
72600 2746166221882934.0
72900 2753778462036242.0
73200 2761886755911715.0
73500 2768635825304520.0
73800 2774590492427092.0
74100 2780172597905720.0
74400 2785163551407897.0
74700 2790137073258805.0
75000 2794896252656207.0
75300 2800626924718889.0
75600 2811654865711279.0
75900 2817186175473591.0
76200 2823234812497018.0
76500 2828540649029902.0
76800 2834653361994937.0
77100 2840742298100148.0
77400 2848367627967570.0
77700 2853447540816047.0
78000 2858253537269602.0
78300 2862728599280593.0
78600 2868258796120275.0
78900 2873807447638434.0
79200 2878454612911617.0
79500 2884122445058148.0
79800 2890374780109610.0
80100 2897690591202723.0
80400 2904246969888469.0
80700 2910592455255024.0
81000 2917797536082139.0
81300 2923916307909283.0
81600 2930014632557374.0
81900 2935892033463205.0
82200 2940984054930590.0
82500 2947446470980698.0
82800 2953946985114613.0
83100 2960268055585228.0
83400 2965925877564269.0
83700 2971932255748524.0
84000 2978575717417274.0
84300 2985295588651944.0
84600 2990443594963699.0
84900 2997125128640756.0
85200 3002734211863751.0
85500 3008079976149637.0
85800 3013209018492799.0
86100 3019038612369416.0
86400 3023847525262740.0
86700 3031804185028649.0
87000 3034303639029954.0
