0 0
300 74767706031.0
600 145950661923.0
900 216660173064.0
1200 289478845924.0
1500 364759031066.0
1800 458796409159.0
2100 560055038650.0
2400 649445763310.0
2700 721575904157.0
3000 796547001782.0
3300 867203567756.0
3600 934544579445.0
3900 1003141855528.0
4200 1065143742762.0
4500 1124698516226.0
4800 1186931927883.0
5100 1246177460126.0
5400 1309909339126.0
5700 1370719143318.0
6000 1432191814632.0
6300 1490410287232.0
6600 1561844285997.0
6900 1635222157372.0
7200 1707960705615.0
7500 1775212928080.0
7800 1852944140953.0
8100 1937904886621.0
8400 1991015251816.0
8700 2060945133382.0
9000 2111196515436.0
9300 2157024664685.0
9600 2208121289719.0
9900 2254395057435.0
10200 2299714031606.0
10500 2372711382781.0
10800 2407241855021.0
11100 2440211552523.0
11400 2468549220795.0
11700 2500389740974.0
12000 2536608318686.0
12300 2579647867339.0
12600 2675600113759.0
12900 2710186313333.0
13200 2745533536422.0
13500 2783102455672.0
13800 2811180316009.0
14100 2840225788359.0
14400 2869910617960.0
14700 2897252041625.0
15000 2923076984223.0
15300 2962840261778.0
15600 3029074901771.0
15900 3105142836640.0
16200 3190813248523.0
16500 3252470194392.0
16800 3320206578135.0
17100 3365412220570.0
17400 3399807904096.0
17700 3435554967907.0
18000 3466471160773.0
18300 3517896522995.0
18600 3574528571970.0
18900 3604564742502.0
19200 3640562342640.0
19500 3669665451865.0
19800 3703129330433.0
20100 3735877713142.0
20400 3780679286658.0
20700 3839228526136.0
21000 3904294908053.0
21300 3954928181041.0
21600 3998210001352.0
21900 4049255640089.0
22200 4096101106517.0
22500 4138583373879.0
22800 4201192121367.0
23100 4243776874270.0
23400 4290855176821.0
23700 4353938025535.0
24000 4396777553890.0
24300 4456090041638.0
24600 4547718135397.0
24900 4653780608932.0
25200 4700647568587.0
25500 4745550652681.0
25800 4792623390683.0
26100 4837187670800.0
26400 4882358577877.0
26700 4925575361551.0
27000 4971358814259.0
27300 5021353227073.0
27600 5060895599420.0
27900 5096001265408.0
28200 5143368595106.0
28500 5189399704134.0
28800 5248778236598.0
29100 5306981587365.0
29400 5377260565810.0
29700 5437721566007.0
30000 5498927522320.0
30300 5565583793326.0
30600 5640973333405.0
30900 5734740994880.0
31200 5855361965863.0
31500 5964645308246.0
31800 6073114533573.0
32100 6152301106409.0
32400 6228916972839.0
32700 6304084279958.0
33000 6393708164065.0
33300 6491152946050.0
33600 6574994028377.0
33900 6657188001365.0
34200 6728609294482.0
34500 6801029256644.0
34800 6918325856739.0
35100 7069690993761.0
35400 7187146543100.0
35700 7296892897640.0
36000 7384526449868.0
36300 7464918165213.0
36600 7550853824211.0
36900 7629112076298.0
37200 7700970510457.0
37500 7771638264153.0
37800 7844803546350.0
38100 7914308668377.0
38400 7984717545824.0
38700 8054178774110.0
39000 8131810938748.0
39300 8243237059317.0
39600 8372808282033.0
39900 8500688232682.0
40200 8615096122292.0
40500 8704894003508.0
40800 8790326937495.0
41100 8877733078134.0
41400 8932723708619.0
41700 9002119831028.0
42000 9074626888227.0
42300 9145636966752.0
42600 9208627210478.0
42900 9270251521685.0
43200 9352926841011.0
43500 9440785746142.0
43800 9501686989655.0
44100 9548375310375.0
44400 9587558101135.0
44700 9625566613547.0
45000 9664777369344.0
45300 9699601597579.0
45600 9737444913207.0
45900 9769939207578.0
46200 9808935379448.0
46500 9851814179120.0
46800 9882255914110.0
47100 9945471149217.0
47400 9991186313327.0
47700 10051286904244.0
48000 10104081837097.0
48300 10166236077402.0
48600 10228381176282.0
48900 10290898322406.0
49200 10355818010904.0
49500 10403741165292.0
49800 10451259520695.0
50100 10488467066782.0
50400 10542245149593.0
50700 10583632081266.0
51000 10675233665646.0
51300 10752925089563.0
51600 10813835048622.0
51900 10877286014735.0
52200 10931171678171.0
52500 10979800963967.0
52800 11026104835060.0
53100 11074720841759.0
53400 11111369570652.0
53700 11157387998077.0
54000 11201821809073.0
54300 11256095370449.0
54600 11297985961995.0
54900 11339708958887.0
55200 11386417496989.0
