0 0
30 96577494518716.0
60 199109116204246.0
90 301043145503938.0
120 402466246859314.0
150 503206601322419.0
180 603606967841496.0
210 703695643737274.0
240 803776602568256.0
270 903744705279118.0
300 1003400854928600.0
330 1102743869127602.0
360 1201870892989808.0
390 1287695272830583.0
420 1387030910537334.0
450 1486508739914143.0
480 1586516273320361.0
510 1686323246606423.0
540 1786266488781013.0
570 1886177999630869.0
600 1985768342041464.0
630 2085355930758626.0
660 2184892674599434.0
690 2284310003323275.0
720 2383819371143165.0
750 2476983955624759.0
780 2576991439132281.0
810 2676055525313355.0
840 2775856242334424.0
870 2876312214020221.0
900 2976631643131281.0
930 3077071133030621.0
960 3177207650508987.0
990 3277243902758625.0
1020 3377683525063939.0
1050 3477965586782669.0
1080 3578435351339767.0
1110 3666053704003499.0
1140 3766769736704428.0
1170 3867921253905836.0
1200 3968735920555636.0
1230 4069259873524723.0
1260 4170053078339449.0
1290 4271136977593861.0
1320 4372333925205597.0
1350 4473495664766054.0
1380 4574820362390609.0
1410 4676571004767631.0
1440 4778041484038863.0
1470 4878977056646283.0
1500 4975639354315748.0
1530 5077425254852200.0
1560 5178901068210346.0
1590 5280202557101800.0
1620 5381652262300941.0
1650 5483434328971110.0
1680 5584900316820484.0
1710 5686434316479890.0
1740 5788505392539792.0
1770 5890506043120892.0
1800 5992390058193047.0
1830 6094382593258168.0
1860 6180629684260416.0
1890 6283086433866570.0
1920 6385684804280161.0
1950 6488228779919568.0
1980 6590476134131319.0
2010 6692463648214958.0
2040 6794503938540150.0
2070 6897049013622674.0
2100 6999450746844352.0
2130 7101745248186847.0
2160 7204068005339266.0
2190 7306363717357694.0
2220 7398342879723500.0
2250 7398342896796614.0
2280 7398342970858216.0
2310 7398342970858216.0
2340 7398343066389488.0
2370 7398343066389488.0
2400 7400707935989580.0
2430 7417806092460019.0
2460 7477303349277365.0
2490 7623221629242703.0
2520 7775768514202000.0
2550 7921020412118614.0
2580 8056875732236764.0
2610 8177499560535911.0
2640 8288147536305842.0
2670 8397142465194936.0
2700 8504462953357082.0
2730 8610089537143135.0
2760 8714681530284492.0
2790 8818108006300626.0
2820 8920778894378349.0
2850 9022288711640004.0
2880 9123641581051200.0
2910 9224123096793824.0
2940 9322129767083338.0
2970 9423205799808260.0
3000 9523437992459448.0
3030 9624413704304944.0
3060 9726287436457964.0
3090 9827784946645660.0
3120 9928359986748628.0
3150 1.0029697968100896e+16
3180 1.0131282421040904e+16
3210 1.0232535544325484e+16
3240 1.0333359686778976e+16
3270 1.0434441300120828e+16
3300 1.0534967763986356e+16
3330 1.0635732403729448e+16
3360 1.0736746507766644e+16
3390 1.0838309527661048e+16
3420 1.0938863306382924e+16
3450 1.1039306982052804e+16
3480 1.1140503681573312e+16
3510 1.1241509474351932e+16
3540 1.1342749620591488e+16
3570 1.14436507317044e+16
3600 1.1544638029475968e+16
3630 1.1642611132951144e+16
3660 1.174314166360319e+16
3690 1.184370822287966e+16
3720 1.1944699883646404e+16
3750 1.2045807687808504e+16
3780 1.2146917211516612e+16
3810 1.224842205635194e+16
3840 1.2349287776459242e+16
3870 1.245020817010686e+16
3900 1.2550558333439892e+16
3930 1.2651156848790692e+16
3960 1.2752395210336388e+16
3990 1.2853156883284128e+16
4020 1.2954172937380704e+16
4050 1.3054552376523884e+16
4080 1.3126704241533468e+16
4110 1.3126704437418508e+16
4140 1.3126704437418508e+16
4170 1.3126704532951328e+16
4200 1.3129985855632168e+16
4230 1.3140533974869956e+16
4260 1.3198603663806912e+16
4290 1.3292666230602912e+16
4320 1.3388491609085588e+16
4350 1.3484312298547724e+16
4380 1.3579905332845656e+16
4410 1.3675529282271288e+16
4440 1.377245405192108e+16
4470 1.3868563824552712e+16
4500 1.3940273243522396e+16
4530 1.4029148116000156e+16
4560 1.4125790303931692e+16
4590 1.4222833008754516e+16
4620 1.4320074953673496e+16
4650 1.4417720638797596e+16
4680 1.4514845476170476e+16
4710 1.461278092762688e+16
4740 1.4710352034698748e+16
4770 1.4808159372737644e+16
4800 1.486800216741826e+16
4830 1.4939896554292576e+16
4860 1.5037784450032932e+16
4890 1.5135832310826408e+16
4920 1.522777246592846e+16
4950 1.5325649911074228e+16
4980 1.5423311949553512e+16
5010 1.5521728274782344e+16
5040 1.557558844891516e+16
5070 1.5669550273080748e+16
5100 1.5767914787391602e+16
5130 1.5865921021052132e+16
5160 1.5963785719932568e+16
5190 1.6015492310519132e+16
5220 1.6112366373895064e+16
5250 1.6211042779336736e+16
5280 1.6309185313238956e+16
5310 1.6407241222618508e+16
5340 1.650535173519446e+16
5370 1.6603653694924844e+16
5400 1.668133988426496e+16
