0 0
300 6323024730936.0
600 13833201095958.0
900 22929891998435.0
1200 31956765859771.0
1500 39611508888462.0
1800 48528817224457.0
2100 57670237646793.0
2400 66092850961942.0
2700 73365625162452.0
3000 81307930243589.0
3300 89553543376724.0
3600 100177780691405.0
3900 110149079154686.0
4200 119113314913599.0
4500 130326382523261.0
4800 140330306952447.0
5100 152172207205273.0
5400 161654203875155.0
5700 174666015315539.0
6000 190016845730819.0
6300 222861998059551.0
6600 242865964267141.0
6900 266660613742948.0
7200 283742183146941.0
7500 310655211233824.0
7800 328433902176844.0
8100 354665200444201.0
8400 451544135457706.0
8700 602574688757533.0
9000 872037460324653.0
9300 1097563242672096.0
9600 1409372426193621.0
9900 1554604778618819.0
10200 1581294218947477.0
10500 1606293173053110.0
10800 1621857026858673.0
11100 1642009118269655.0
11400 1701700324418759.0
11700 1754270600499906.0
12000 1792886290291183.0
12300 1822380570012691.0
12600 1846171595471836.0
12900 1871478620451159.0
13200 1889239369828513.0
13500 1941117910013649.0
13800 1967524847170616.0
14100 1985474035573892.0
14400 2002473866117715.0
14700 2026051784204535.0
15000 2039313572991072.0
15300 2056529721029403.0
15600 2065191794812720.0
15900 2074244738153654.0
16200 2083403796424599.0
16500 2092057755153188.0
16800 2100364590371820.0
17100 2115116201975811.0
17400 2139037791823516.0
17700 2356829304130082.0
18000 2703882809016261.0
18300 2727641962138453.0
18600 2793372270608357.0
18900 2809380567458540.0
19200 2831471529838343.0
19500 2844867063480970.0
19800 2857619647119017.0
20100 2866028617063857.0
20400 2872245527046100.0
20700 2878096239063910.0
21000 2884157265474360.0
21300 2892341658304946.0
21600 2914562227552089.0
21900 2955001485574301.0
22200 3092928743023712.0
22500 3244141409436579.0
22800 3277695963122401.0
23100 3332222964187746.0
23400 3346070078992727.0
23700 3355976045199590.0
24000 3365831371569422.0
24300 3375385181467512.0
24600 3400734074806794.0
24900 3411785797210161.0
25200 3425550884767497.0
25500 3437524887266054.0
25800 3465298570337670.0
26100 3481804122396245.0
26400 3497392859815970.0
26700 3508880114656405.0
27000 3534550519480798.0
27300 3567245384562262.0
27600 3579092205808170.0
27900 3596531508148538.0
28200 3641082257625997.0
28500 3663442798141581.0
28800 3698077344431603.0
29100 3713747446872689.0
29400 3750986228783902.0
29700 3770745210738707.0
30000 3801303569053981.0
30300 3939559171376932.0
30600 4123774378016609.0
30900 4184235379919917.0
31200 4325815184896906.0
31500 4708730797892256.0
31800 4734250797727708.0
32100 4758853728893438.0
32400 4776420332375581.0
32700 4796792898291209.0
33000 5191904296153250.0
33300 5216201212917737.0
33600 5239287665871056.0
33900 5255612531041825.0
34200 5275060389760427.0
34500 5285030802999367.0
34800 5301958013320140.0
35100 5315821126615440.0
35400 5333915795864891.0
35700 5373194233585467.0
36000 5384120804884323.0
36300 5392735765694437.0
36600 5400182029219110.0
36900 5408912683559037.0
37200 5416512517500167.0
37500 5426512926424745.0
37800 5436973302546620.0
38100 5442569105559287.0
38400 5448382517230245.0
38700 5456006624240780.0
39000 5579711789334346.0
39300 5793277652443908.0
39600 6443351027347510.0
39900 6909710177783157.0
40200 6924923724526337.0
40500 6937595596001231.0
40800 6995345376189987.0
41100 7008700321974758.0
41400 7024546791009465.0
41700 7030701758452030.0
42000 7034497671327618.0
42300 7038956380459118.0
42600 7044028623850493.0
42900 7051069564251091.0
43200 7057388523574055.0
43500 7064094766764406.0
43800 7322215959794931.0
44100 7356107422357460.0
44400 7696921265314428.0
44700 7712626907551865.0
45000 7717341976140408.0
45300 7725166463904974.0
45600 7730425614403839.0
45900 7743109453247659.0
46200 7750537268946300.0
46500 7758789826878744.0
46800 7764407495507491.0
47100 7770062355704111.0
47400 7778982420994590.0
47700 7789258355996735.0
48000 7802822606786499.0
48300 7817356006862830.0
48600 8050971765211722.0
48900 8082449177359064.0
49200 8108809046066980.0
49500 8116190795310112.0
49800 8122847360619391.0
50100 8128568708551765.0
50400 8133700605998793.0
50700 8140898433608290.0
51000 8154825041134705.0
51300 8166393609602390.0
51600 8180346707436092.0
51900 8203436109554854.0
52200 8211596297538073.0
52500 8222670594195527.0
52800 8231975096839176.0
53100 8254530825185590.0
53400 8300149635515488.0
53700 8327468518345271.0
54000 8339092817691882.0
54300 8377027097411065.0
54600 8434963759746457.0
54900 8439917393952263.0
55200 8445224205403363.0
55500 8451297485936100.0
55800 8470148115653205.0
56100 9061020777435872.0
56400 9089947260979836.0
56700 9107663773769028.0
57000 9158957207093166.0
57300 9175867271849228.0
57600 9609835342993212.0
57900 1.0359387653688746e+16
58200 1.0630484860329006e+16
58500 1.145494692893155e+16
58800 1.1785179604067304e+16
59100 1.1791030049696462e+16
59400 1.1803135579547108e+16
59700 1.1966771410998598e+16
60000 1.1976907272764456e+16
60300 1.198103529132638e+16
60600 1.2002255724582728e+16
60900 1.2074485295039674e+16
61200 1.2117611315554752e+16
61500 1.2189586131554736e+16
61800 1.2230959254361416e+16
62100 1.2365552687966076e+16
62400 1.2409175888872404e+16
62700 1.2597568029041196e+16
63000 1.2628910647005192e+16
63300 1.2791881179433592e+16
63600 1.2825155231484656e+16
63900 1.2829526451977732e+16
64200 1.2842642329397764e+16
64500 1.284926873966074e+16
64800 1.2852087925072196e+16
65100 1.2864557675364518e+16
65400 1.2872476946052966e+16
65700 1.2878183460985352e+16
66000 1.288228617395068e+16
66300 1.2885980635860292e+16
66600 1.2892183376307466e+16
66900 1.2902338815986446e+16
67200 1.291985136267944e+16
67500 1.314782719760822e+16
67800 1.322807315862272e+16
68100 1.3668363344410748e+16
68400 1.3784181618447888e+16
68700 1.380539113432018e+16
69000 1.383120934950877e+16
69300 1.3850651417818424e+16
69600 1.3871571187962186e+16
69900 1.388401836347432e+16
70200 1.3902477967741364e+16
70500 1.3914357063040864e+16
70800 1.3943734979484384e+16
71100 1.3985457146605574e+16
71400 1.4052185458837056e+16
71700 1.407392508955804e+16
72000 1.4127788160510064e+16
72300 1.4438711855942424e+16
72600 1.484962424091706e+16
72900 1.5688951047345316e+16
73200 1.5975158774281494e+16
73500 1.6181339394838752e+16
73800 1.6470774298936686e+16
74100 1.6567805116972828e+16
74400 1.6760889834062912e+16
74700 1.6792689327914554e+16
75000 1.693225596824942e+16
75300 1.7405978500455446e+16
75600 1.7596289865982828e+16
75900 1.7754346402238068e+16
76200 1.777404283083818e+16
76500 1.7811599543200244e+16
76800 1.803983782886917e+16
77100 1.838868784342296e+16
77400 1.9201471593333348e+16
77700 1.9846821287596936e+16
78000 2.0279225419211068e+16
78300 2.0795039566779384e+16
78600 2.0975686562191936e+16
78900 2.100187357176469e+16
79200 2.103693910929767e+16
79500 2.1055550453543736e+16
79800 2.126946403152371e+16
80100 2.1307797330090708e+16
80400 2.147163099590138e+16
80700 2.162900324306316e+16
81000 2.1695578596518056e+16
81300 2.181334838328467e+16
81600 2.2087268752363452e+16
81900 2.211147770071248e+16
82200 2.2600873218905656e+16
82500 2.329667232259282e+16
82800 2.350544050554603e+16
83100 2.3799697353779464e+16
83400 2.388696643044829e+16
83700 2.3896545209080988e+16
84000 2.391077504734093e+16
84300 2.392095099342967e+16
84600 2.396854613963656e+16
84900 2.398313399767388e+16
85200 2.3996728250907776e+16
85500 2.4005086113867024e+16
85800 2.404770035762731e+16
86100 2.405574833546158e+16
86400 2.4073663429582748e+16
86700 2.4079341964241064e+16
