0 0
300 6955297293194.0
600 15216458956314.0
900 25222784084557.0
1200 35152308752869.0
1500 43572481128376.0
1800 53381474958665.0
2100 63436987989355.0
2400 72701810330052.0
2700 80701812544464.0
3000 89438296609351.0
3300 98508423612033.0
3600 110195031507456.0
3900 121163414327996.0
4200 131024030043576.0
4500 143358359992923.0
4800 154362628639155.0
5100 167388673594093.0
5400 177818837022173.0
5700 192131795638543.0
6000 209017669393974.0
6300 245147296047379.0
6600 267151611224077.0
6900 293325688108919.0
7200 312115297580675.0
7500 341719588046480.0
7800 361276120405556.0
8100 390130497117127.0
8400 496697284417882.0
8700 662830858033223.0
9000 959239851555991.0
9300 1207318178984730.0
9600 1550308226653007.0
9900 1710063784121079.0
10200 1739422126389623.0
10500 1766920945377870.0
10800 1784041124770739.0
11100 1806208369869751.0
11400 1871868647247955.0
11700 1929695918664078.0
12000 1972173122268857.0
12300 2004616783293214.0
12600 2030786869281098.0
12900 2058624551205473.0
13200 2078161335060284.0
13500 2135227683255765.0
13800 2164275268935740.0
14100 2184019324714062.0
14400 2202719101140457.0
14700 2228654764912240.0
15000 2243242693444354.0
15300 2262180424170187.0
15600 2271708662321496.0
15900 2281666869956140.0
16200 2291741810098031.0
16500 2301261139541586.0
16800 2310398631581160.0
17100 2326625361225070.0
17400 2352939050063631.0
17700 2592509656189443.0
18000 2974268465967729.0
18300 3000403504285323.0
18600 3072706801100627.0
18900 3090315868579884.0
19200 3114615891005062.0
19500 3129350942743634.0
19800 3143378756827845.0
20100 3152628580993627.0
20400 3159467154325630.0
20700 3165902909499604.0
21000 3172570018967427.0
21300 3181572816793492.0
21600 3206015395164251.0
21900 3250498540580154.0
22200 3402218466965390.0
22500 3568552332921274.0
22800 3605462293759823.0
23100 3665441948708670.0
23400 3680673741190627.0
23700 3691570268807566.0
24000 3702411098955267.0
24300 3712920259141754.0
24600 3740803995238213.0
24900 3752960836928455.0
25200 3768102401917624.0
25500 3781273777953632.0
25800 3811824794923568.0
26100 3829980869471903.0
26400 3847128445053771.0
26700 3859764400908919.0
27000 3888001810168452.0
27300 3923966128207704.0
27600 3936997612048222.0
27900 3956180807765550.0
28200 4005186610198295.0
28500 4029783159882113.0
28800 4067881111662467.0
29100 4085118186524285.0
29400 4126080792049114.0
29700 4147815616154115.0
30000 4181429755761235.0
30300 4333510867047692.0
30600 4536147538394561.0
30900 4602654583779311.0
31200 4758392335626726.0
31500 5179599444501966.0
31800 5207671391037960.0
32100 5234734577652714.0
32400 5254057789013051.0
32700 5276467557428081.0
33000 5711090026137280.0
33300 5737816603808811.0
33600 5763211643068450.0
33900 5781168961016255.0
34200 5802561566138803.0
34500 5813528986015406.0
34800 5832148870859080.0
35100 5847398205402026.0
35400 5867302294184659.0
35700 5910508527903557.0
36000 5922527730618824.0
36300 5932004165111380.0
36600 5940195032670232.0
36900 5949798731580977.0
37200 5958158512997254.0
37500 5969158937532133.0
37800 5980665329250805.0
38100 5986820695669905.0
38400 5993215419359763.0
38700 6001601903059093.0
39000 6137677541425060.0
39300 6372599956061208.0
39600 7087680634792708.0
39900 7600675658705055.0
40200 7617410519718675.0
40500 7631349539148779.0
40800 7694874261642029.0
41100 7709564679475356.0
41400 7726995759886471.0
41700 7733766178123110.0
42000 7737941658755490.0
42300 7742846217697028.0
42600 7748425663761503.0
42900 7756170672250925.0
43200 7763121505359989.0
43500 7770498350929898.0
43800 8054431635995345.0
44100 8091712194293984.0
44400 8466607378284480.0
44700 8483883561874515.0
45000 8489070114305442.0
45300 8497677022730993.0
45600 8503462068014889.0
45900 8517414258105183.0
46200 8525584829353038.0
46500 8534662617945892.0
46800 8540842025008430.0
47100 8547062351813369.0
47400 8556874383474370.0
47700 8568177884574320.0
48000 8583098526444103.0
48300 8599085231266990.0
48600 8856062506324969.0
48900 8890687611964958.0
49200 8919683421907216.0
49500 8927803324360998.0
49800 8935125514400593.0
50100 8941418977834250.0
50400 8947064047303055.0
50700 8954981629186775.0
51000 8970300868447105.0
51300 8983026240113652.0
51600 8998374609342214.0
51900 9023772913315062.0
52200 9032749099857762.0
52500 9044930801515224.0
52800 9055165732818278.0
53100 9079976979602158.0
53400 9130157626561104.0
53700 9160208365897624.0
54000 9172995057620684.0
54300 9214722723910288.0
54600 9278453018162956.0
54900 9283901998102780.0
55200 9289739475437248.0
55500 9296420066327474.0
55800 9317155716068832.0
56100 9967115597823268.0
56400 9998934690365742.0
56700 1.0018422821871642e+16
57000 1.0074845524194492e+16
57300 1.0093446541954116e+16
57600 1.0570811369793212e+16
57900 1.1395318870728468e+16
58200 1.1693525752620492e+16
58500 1.2600433970980522e+16
58800 1.2963689877228316e+16
59100 1.2970125316683196e+16
59400 1.2983441334202224e+16
59700 1.3163440718129196e+16
60000 1.3174590104056544e+16
60300 1.3179130889800884e+16
60600 1.3202473303443764e+16
60900 1.3281925803888212e+16
61200 1.3329364345054044e+16
61500 1.3408536587266208e+16
61800 1.345404697106338e+16
62100 1.3602099691887678e+16
62400 1.3650085163325344e+16
62700 1.3857316465652218e+16
63000 1.3891793286549038e+16
63300 1.4071060814535528e+16
63600 1.4107662194052344e+16
63900 1.4112470506970528e+16
64200 1.4126897919043946e+16
64500 1.4134186935022848e+16
64800 1.4137288008812508e+16
65100 1.4151004685177964e+16
65400 1.4159715840786646e+16
65700 1.4165992957059748e+16
66000 1.4170505904205598e+16
66300 1.4174569777569092e+16
66600 1.4181392749256016e+16
66900 1.4192563692905588e+16
67200 1.4211827459959712e+16
67500 1.4462600831852074e+16
67800 1.4550871314503192e+16
68100 1.5035190465252624e+16
68400 1.5162590529435904e+16
68700 1.518592097471236e+16
69000 1.5214320966388512e+16
69300 1.5235707202302528e+16
69600 1.5258718897411626e+16
69900 1.5272410762671494e+16
70200 1.5292716277569576e+16
70500 1.53057832451495e+16
70800 1.5338098887601768e+16
71100 1.5383993223894454e+16
71400 1.5457394329042618e+16
71700 1.5481307879727964e+16
72000 1.554055720327892e+16
72300 1.5882573194490604e+16
72600 1.6334576777728164e+16
72900 1.7257836225607332e+16
73200 1.7572664685704936e+16
73500 1.7799463309399388e+16
73800 1.811784163685337e+16
74100 1.822457548094252e+16
74400 1.8436968620995732e+16
74700 1.84719480139065e+16
75000 1.8625471277784464e+16
75300 1.914656600105016e+16
75600 1.9355908456057e+16
75900 1.952977059560862e+16
76200 1.9551436619205456e+16
76500 1.9592748932564736e+16
76800 1.984381099548618e+16
77100 2.0227545947074132e+16
77400 2.1121608011757964e+16
77700 2.183149262226072e+16
78000 2.230713712323925e+16
78300 2.2874532643885716e+16
78600 2.307324427768004e+16
78900 2.3102049933438944e+16
79200 2.3140621950040944e+16
79500 2.316109432255045e+16
79800 2.3396399172525668e+16
80100 2.3438565749668824e+16
80400 2.361878272857444e+16
80700 2.3791892141390344e+16
81000 2.3865124973251424e+16
81300 2.399467170864233e+16
81600 2.4295984043286124e+16
81900 2.432261384254652e+16
82200 2.486094884101067e+16
82500 2.5626327789566384e+16
82800 2.5855972728323588e+16
83100 2.6179655177844504e+16
83400 2.6275651080663252e+16
83700 2.6286187686724744e+16
84000 2.630184045327448e+16
84300 2.631303395257994e+16
84600 2.6365388533278824e+16
84900 2.6381435135472656e+16
85200 2.63963887681058e+16
85500 2.640558237706509e+16
85800 2.6452457970163696e+16
86100 2.646131070170467e+16
86400 2.648101725591518e+16
86700 2.6487263628098016e+16
