0 0
300 28606057704373.0
600 56105879370634.0
900 85158069659438.0
1200 113425277965738.0
1500 147700600562182.0
1800 179250799367552.0
2100 212510036329080.0
2400 240472193238027.0
2700 268471730140580.0
3000 294794932071186.0
3300 321900633894822.0
3600 347641649936144.0
3900 374396276498891.0
4200 399210026997568.0
4500 425986449848664.0
4800 450617358556186.0
5100 479569140788239.0
5400 504717722586489.0
5700 529381492009835.0
6000 551715433861297.0
6300 575215416364496.0
6600 597997426239930.0
6900 621672606464143.0
7200 641851658771337.0
7500 663033361759536.0
7800 683312613295941.0
8100 704590857413461.0
8400 744245376119340.0
8700 777978273329219.0
9000 832961332824912.0
9300 860737409175688.0
9600 879854908043902.0
9900 898431653759748.0
10200 917485273078784.0
10500 936035525512093.0
10800 954379423698758.0
11100 972015284631784.0
11400 989504064045266.0
11700 1006703144536678.0
12000 1023552962224765.0
12300 1040949700622486.0
12600 1056559204881956.0
12900 1072766571375650.0
13200 1088560849405732.0
13500 1105164350517417.0
13800 1121557501913894.0
14100 1138787566938305.0
14400 1155079257270147.0
14700 1171099117539393.0
15000 1186272963964420.0
15300 1202133514652267.0
15600 1220881205295258.0
15900 1241944628279527.0
16200 1257928539905362.0
16500 1273310881297932.0
16800 1287751776235406.0
17100 1302828057000042.0
17400 1319930440141143.0
17700 1335951351254734.0
18000 1350836626821793.0
18300 1365270012352336.0
18600 1379849671115488.0
18900 1394326794228891.0
19200 1409603755465131.0
19500 1425124371284838.0
19800 1439344799494710.0
20100 1454123265352925.0
20400 1469266001417881.0
20700 1483226133945144.0
21000 1497680447600163.0
21300 1511678997516433.0
21600 1525527806054785.0
21900 1531286532312191.0
