0 0
300 56635520079.0
600 93076072337.0
900 112172461334.0
1200 132269173877.0
1500 145947991748.0
1800 160978522196.0
2100 176408190541.0
2400 191233351775.0
2700 207383307732.0
3000 223022967697.0
3300 236788853678.0
3600 252140164415.0
3900 268523378553.0
4200 283212282633.0
4500 295984237457.0
4800 308564336582.0
5100 319918772547.0
5400 332855865331.0
5700 346084701409.0
6000 356897333547.0
6300 366747084960.0
6600 377204882979.0
6900 387485611590.0
7200 396724572746.0
7500 406752960541.0
7800 416082581121.0
8100 424102501552.0
8400 432820003390.0
8700 440769004446.0
9000 449004622525.0
9300 459200904495.0
9600 468307953487.0
9900 476030288438.0
10200 484198021070.0
10500 492122513299.0
10800 501988472005.0
11100 548273247705.0
11400 558692492103.0
11700 568208863858.0
12000 580618964838.0
12300 589066107961.0
12600 602336599017.0
12900 612412820399.0
13200 620828301544.0
13500 629081228733.0
13800 640013126467.0
14100 647206720643.0
14400 652371097173.0
14700 658404815558.0
15000 664198720685.0
15300 668980599490.0
15600 674726557245.0
15900 678970898176.0
16200 683531820038.0
16500 688549006065.0
16800 692732057597.0
17100 699032609949.0
17400 703173453013.0
17700 708276295822.0
18000 712536801316.0
18300 716520681604.0
18600 721061947015.0
18900 724804207231.0
19200 728336274375.0
19500 731496857666.0
19800 735013137432.0
20100 738625124857.0
20400 741648102408.0
20700 744751727400.0
21000 748076430805.0
21300 751612492297.0
21600 755223931970.0
21900 759236042653.0
22200 761910753852.0
22500 765870350073.0
22800 769108072807.0
23100 771643344152.0
23400 774850805263.0
23700 778729422562.0
24000 782332695526.0
24300 785276929205.0
24600 788252672106.0
24900 791609470896.0
25200 794335773103.0
25500 798076030876.0
25800 800970439979.0
26100 804484022949.0
26400 808012246164.0
26700 811320233453.0
27000 815610455841.0
27300 819083758387.0
27600 822654374338.0
27900 827570718171.0
28200 831718948079.0
28500 839428896344.0
28800 843652971111.0
29100 849516682005.0
29400 854652950975.0
29700 862325794076.0
30000 866983662276.0
30300 872053923532.0
30600 878316955263.0
30900 884764275343.0
31200 891968632644.0
31500 898583854784.0
31800 905930880919.0
32100 913620051205.0
32400 920481840171.0
32700 930721056355.0
33000 940291989929.0
33300 948347205501.0
33600 955826711705.0
33900 963745262381.0
34200 972377560933.0
34500 981689730496.0
34800 990024072948.0
35100 998863958517.0
35400 1009360292640.0
35700 1018881362083.0
36000 1027750203041.0
36300 1038536905739.0
36600 1048021649210.0
36900 1057807085562.0
37200 1066987523972.0
37500 1076752475710.0
37800 1087165672610.0
38100 1099323574223.0
38400 1109911679467.0
38700 1120414718929.0
39000 1137554512621.0
39300 1150352542878.0
39600 1161346469725.0
39900 1173166009058.0
40200 1184247538984.0
40500 1196111965778.0
40800 1206768856794.0
41100 1217405323196.0
41400 1228416285490.0
41700 1243335938461.0
42000 1254477408946.0
42300 1266572224941.0
42600 1283003811788.0
42900 1298683077025.0
43200 1310768866553.0
43500 1324610906088.0
43800 1337161148609.0
44100 1350151998638.0
44400 1362141560863.0
44700 1373776002314.0
45000 1385896427356.0
45300 1399476214565.0
45600 1411510813542.0
45900 1428381386722.0
46200 1439982687970.0
46500 1454591523272.0
46800 1466518543339.0
47100 1481673295662.0
47400 1495774438641.0
47700 1510951944162.0
48000 1523565381477.0
48300 1536658328669.0
48600 1550749500325.0
48900 1566976295402.0
49200 1579521115022.0
49500 1593497465513.0
49800 1605938863441.0
50100 1620695965140.0
50400 1633268525940.0
50700 1649553153440.0
51000 1663184691982.0
51300 1677468923430.0
51600 1690695248179.0
51900 1712621290738.0
52200 2282135659738.0
52500 2460686749241.0
52800 2476502659266.0
53100 2498386360098.0
53400 2513581064909.0
53700 2545453561955.0
54000 2559543252805.0
54300 2576488250229.0
54600 2592665186722.0
54900 2609814745400.0
55200 2624805901912.0
55500 2639783766587.0
55800 2654602530077.0
56100 2672298461877.0
56400 2687379317265.0
56700 2702496429798.0
57000 2717489905108.0
57300 2736704846300.0
57600 2751787629846.0
57900 2771558343983.0
58200 2786455275704.0
58500 2801733124301.0
58800 2817609618227.0
59100 2832546097430.0
59400 2850329293038.0
59700 2869850689215.0
60000 2886449440094.0
60300 2903814793521.0
60600 2918962121460.0
60900 2934986882417.0
61200 2950363469121.0
61500 2969180110626.0
61800 2985789220290.0
62100 3002188774547.0
62400 3018396011352.0
62700 3033325432818.0
63000 3050177633883.0
63300 3068776956065.0
63600 3085080344490.0
63900 3103103482461.0
64200 3119297058630.0
64500 3137593613147.0
64800 3154314386096.0
65100 3173368155789.0
65400 3191166589391.0
65700 3209209959714.0
66000 3225142843063.0
66300 3241758631703.0
66600 3259013036179.0
66900 3278659947352.0
67200 3308685440011.0
67500 3327088605609.0
67800 3343464964686.0
68100 3360839031273.0
68400 3379308912669.0
68700 3397955536141.0
69000 3413481261250.0
69300 3432177084099.0
69600 3450858996173.0
69900 3467928076303.0
70200 3484772228768.0
70500 3505038550690.0
70800 3521006912041.0
71100 3549202598197.0
71400 3566028546574.0
71700 3590356039026.0
72000 3608233198718.0
72300 3630997296541.0
72600 3648769684482.0
72900 3667219581198.0
73200 3684867435169.0
73500 3701645172037.0
73800 3721255537506.0
74100 3741633235159.0
74400 3759935742040.0
74700 3776993261508.0
75000 3794394296710.0
75300 3819374401846.0
75600 3842611822503.0
75900 3866735070498.0
76200 3887386657143.0
76500 3905918869302.0
76800 3922112572750.0
77100 3939006537263.0
77400 3958289836601.0
77700 3979748454128.0
78000 3998037238763.0
78300 4018868583394.0
78600 4035631341954.0
78900 4054086184241.0
79200 4070435779543.0
79500 4091214849262.0
79800 4109381438884.0
80100 4127397017820.0
80400 4144403201436.0
80700 4161731710513.0
81000 4183334431680.0
81300 4200557976631.0
81600 4216328149069.0
81900 4235384842240.0
82200 4252518077491.0
82500 4271247938372.0
82800 4291450578779.0
83100 4311618023887.0
83400 4328155956314.0
83700 4344830696273.0
84000 4365424166849.0
84300 4379085559894.0
84600 4395745556231.0
84900 4410528804870.0
85200 4423518375615.0
85500 4438977916918.0
85800 4451535076063.0
86100 4468089566983.0
86400 4487036339151.0
86700 4497537336969.0
