0 0
300 2120537220.0
600 2133456139.0
900 2150752832.0
1200 2629666893.0
1500 238537238186.0
1800 238553702180.0
2100 238579765370.0
2400 9116035252698.0
2700 28359609198701.0
3000 47873855495002.0
3300 51963990454753.0
3600 53725938923080.0
3900 56599701712212.0
4200 73442723873918.0
4500 108038264323489.0
4800 117713320319798.0
5100 168046472933849.0
5400 204981568891026.0
5700 211516346129629.0
6000 220378826096433.0
6300 231340045679779.0
6600 238098057942384.0
6900 248353994518909.0
7200 259588622047522.0
7500 273577382943114.0
7800 281902321855975.0
8100 292658728894178.0
8400 301093981573649.0
8700 314276122113657.0
9000 328512042652143.0
9300 338502244315128.0
9600 351404869396942.0
9900 367877339528119.0
10200 381612731950885.0
10500 390486127493561.0
10800 399918469454029.0
11100 409976238505749.0
11400 418799983609734.0
11700 433427652002810.0
12000 440584087742973.0
12300 445918357205370.0
12600 506972328275095.0
12900 528985773913018.0
13200 596678816550037.0
13500 670150859485118.0
13800 734573905259467.0
14100 782151231830902.0
14400 852480191048417.0
14700 924064883755845.0
15000 979163669095728.0
15300 1032121255019261.0
15600 1079071199689606.0
15900 1170448295661041.0
16200 1258810527089687.0
16500 1385775921625291.0
16800 1435650399787400.0
17100 1456652257726463.0
17400 1479535272955687.0
17700 1533338408653631.0
18000 1556902618732162.0
18300 1573125725231711.0
18600 1592751655924573.0
18900 1615553658699177.0
19200 1638162894246578.0
19500 1650711913456353.0
19800 1659066285722219.0
20100 1663610393439686.0
20400 1665886147303461.0
20700 1684443127385837.0
21000 1695642851577571.0
21300 1700469020778788.0
21600 1706420076677584.0
21900 1721821049785357.0
22200 1727271761212277.0
22500 1734560097333356.0
22800 1753413189984370.0
23100 1759341700020327.0
23400 1759342427359273.0
23700 1759346648065705.0
24000 1759425901091278.0
24300 1759722761604361.0
24600 1759826120744583.0
24900 1759830356414430.0
25200 1759854058209304.0
25500 1759861174440773.0
25800 1759870485813421.0
26100 1759872074938996.0
26400 1760775742067168.0
26700 1764108796071517.0
27000 1764134021000815.0
27300 1764141690375346.0
27600 1764166434492272.0
27900 1764963585667243.0
28200 1765858798198867.0
28500 1765868626456962.0
28800 1765872574683245.0
29100 1765873074390442.0
29400 1765873098441455.0
29700 1766076644792337.0
30000 1766104157422717.0
30300 1766104386377644.0
30600 1766104420766789.0
30900 1766104425141457.0
31200 1766104462961056.0
31500 1766104519759552.0
31800 1766104528139414.0
32100 1766104627958039.0
32400 1766106169434414.0
32700 1766106194602146.0
33000 1766111408956378.0
33300 1766402859289626.0
33600 1766460240586074.0
33900 1766476786563665.0
34200 1766477612582120.0
34500 1766477857694592.0
34800 1766477979577032.0
35100 1766478036412408.0
35400 1766479578591425.0
35700 1766482433181255.0
36000 1766482642295568.0
36300 1766567480914917.0
36600 1766567502385413.0
36900 1766849075894860.0
37200 1766852260940497.0
37500 1766852286967776.0
37800 1766974252790252.0
38100 1766976498118694.0
38400 1766979192316025.0
38700 1767085674187907.0
39000 1767089384788859.0
39300 1767113057004228.0
39600 1767116849289983.0
39900 1767151333668761.0
40200 1767159374428222.0
40500 1767161637332512.0
40800 1767227210491355.0
41100 1767227260368050.0
41400 1767269479937475.0
41700 1767284519134261.0
42000 1767287472856278.0
42300 1767300384759369.0
42600 1767410052402897.0
42900 1767422132223358.0
43200 1767481150448489.0
43500 1767495249737114.0
43800 1767495249739157.0
44100 1767497817473089.0
44400 1767527301432584.0
44700 1767527318013710.0
45000 1767527356429154.0
45300 1767527388418986.0
45600 1767527388433790.0
45900 1767527429882269.0
46200 1767527561230335.0
46500 1767644358969952.0
46800 1767646868817101.0
47100 1767647183801329.0
47400 1767648538859827.0
47700 1767648673616348.0
48000 1767649776221541.0
48300 1767651054725855.0
48600 1767651104918362.0
48900 1767652100776243.0
49200 1767652100776243.0
49500 1767652286945149.0
49800 1767652884780015.0
50100 1767653030974893.0
50400 1767653068100261.0
50700 1767656775689099.0
51000 1767656775689099.0
51300 1767656922118550.0
51600 1767657994173688.0
51900 1767658042771559.0
52200 1767658338366783.0
52500 1767658354525348.0
52800 1767658354525348.0
53100 1767658382539091.0
53400 1767658427834626.0
53700 1767658500249232.0
54000 1767658538538133.0
54300 1767659023798949.0
54600 1767659069355712.0
54900 1767666292976293.0
55200 1767667364970949.0
55500 1767667506507489.0
55800 1767667540707296.0
56100 1767667734754310.0
56400 1767667861005524.0
56700 1767667900694002.0
57000 1767667900710800.0
57300 1767667972257257.0
57600 1767668093596629.0
57900 1767668111762285.0
58200 1767668259449688.0
58500 1767668325375937.0
58800 1767670007998202.0
59100 1767672058427555.0
59400 1767672088448184.0
59700 1767672295209563.0
60000 1767672295209563.0
60300 1767672343868733.0
60600 1767672369043687.0
60900 1767672388117248.0
61200 1767672417365447.0
61500 1767677582827563.0
61800 1767679057619467.0
62100 1767679100428984.0
62400 1767680373261381.0
62700 1767680507386113.0
63000 1767682875629196.0
63300 1767682875643786.0
63600 1767682875643786.0
63900 1767682998281013.0
64200 1767683016851168.0
64500 1767689215444537.0
64800 1767689297711782.0
65100 1767689338305635.0
65400 1767689340815753.0
65700 1767689491426632.0
66000 1767690154658058.0
66300 1767690168676725.0
66600 1767691563154401.0
66900 1767691585490759.0
67200 1767691591655815.0
67500 1767691627841869.0
67800 1767691639243469.0
68100 1767691658967009.0
68400 1767691688208417.0
68700 1767691700764947.0
69000 1767692476371642.0
69300 1767695420014223.0
69600 1767696536582929.0
69900 1767696669930111.0
70200 1767697468661974.0
70500 1767698208014462.0
70800 1767698290585434.0
71100 1767698631325362.0
71400 1767698752098919.0
71700 1767699823240776.0
72000 1767700071070409.0
72300 1767700099842866.0
72600 1767700099842866.0
72900 1767700129870581.0
73200 1767701153270899.0
73500 1767701254897462.0
73800 1767701284918953.0
74100 1767701291468589.0
74400 1768117491209819.0
74700 1770104394306410.0
75000 1771935961135992.0
75300 1774574269596757.0
75600 1775885155063087.0
75900 1777594112013646.0
76200 1779904866589607.0
76500 1781871634129171.0
76800 1781991677273469.0
77100 1781994805782718.0
77400 1781997798187847.0
77700 1782000685539226.0
78000 1782000685543273.0
78300 1782001437419596.0
78600 1782001603675511.0
78900 1782004924352861.0
79200 1782005675006337.0
79500 1782005683226714.0
79800 1782007889980959.0
80100 1782008092383375.0
80400 1782044849281896.0
80700 1782044867725433.0
81000 1782045210002410.0
81300 1782045216464003.0
81600 1782046482399425.0
81900 1782046669744989.0
82200 1782046827685217.0
82500 1782047098452461.0
82800 1782047451514854.0
83100 1782047593623304.0
83400 1782047677738293.0
83700 1782047694606370.0
84000 1782048568427949.0
84300 1782048850118273.0
84600 1782048861989162.0
84900 1782048905104391.0
85200 1782048905104391.0
85500 1782048905651459.0
85800 1782048926949025.0
