0 0
300 41827335125741.0
600 83536347284286.0
900 124298741729215.0
1200 166915590260292.0
1500 209540601304271.0
1800 251634062420618.0
2100 293564889615691.0
2400 335033900173287.0
2700 375855581686014.0
3000 417252456138988.0
3300 457923363904530.0
3600 498345655848200.0
3900 538232140529906.0
4200 576966105963740.0
4500 614515107664087.0
4800 651741778967157.0
5100 689754546884186.0
5400 728068982333531.0
5700 766217433852825.0
6000 803697985756388.0
6300 840424471174506.0
6600 874160203539426.0
6900 909437662008893.0
7200 943718954789539.0
7500 978143818629630.0
7800 1011442490154185.0
8100 1045431231287657.0
8400 1080399772421135.0
8700 1113810593671171.0
9000 1147432539612126.0
9300 1180926928343096.0
9600 1213819234601828.0
9900 1245974033560362.0
10200 1278420667961489.0
10500 1310053821936519.0
10800 1341660687237806.0
11100 1373268078008638.0
11400 1403757707583647.0
11700 1433579252046128.0
12000 1462410827940779.0
12300 1492305947791655.0
12600 1521757416738294.0
12900 1550233882341926.0
13200 1577468709218035.0
13500 1605814017948150.0
13800 1633894257348342.0
14100 1661699340580695.0
14400 1689783781424773.0
14700 1717346561851872.0
15000 1744012255501982.0
15300 1771125196501958.0
15600 1797212562781142.0
15900 1822748891347392.0
16200 1849017539962099.0
16500 1875191463388085.0
16800 1902018728377041.0
17100 1929978407690659.0
17400 1958919753266800.0
17700 1986992089047991.0
18000 2015324348375319.0
18300 2043337766020261.0
18600 2070457093059609.0
18900 2097694452012903.0
19200 2125193641439755.0
19500 2152911950053361.0
19800 2180741199137353.0
20100 2209187641359048.0
20400 2236331715006476.0
20700 2263357335842372.0
21000 2289145241422661.0
21300 2315164492470381.0
21600 2340691168877850.0
21900 2352968191553520.0
