0 0
300 1344585120.0
600 2617288718.0
900 15936840256.0
1200 16818678999.0
1500 18735018610.0
1800 19849929031.0
2100 22665490519.0
2400 31235587026.0
2700 36405037850.0
3000 41347589369.0
3300 46408626394.0
3600 56077499056.0
3900 82041931410.0
4200 83635952626.0
4500 86254311377.0
4800 88269721742.0
5100 89956092937.0
5400 91982652045.0
5700 93052356651.0
6000 94689418887.0
6300 109165587101.0
6600 111166121660.0
6900 118175737453.0
7200 148727307268.0
7500 152719886119.0
7800 212699931591.0
8100 226767083975.0
8400 234156159825.0
8700 241569629819.0
9000 257493710161.0
9300 266374587507.0
9600 268573267179.0
9900 269169709810.0
10200 269811730783.0
10500 271765325259.0
10800 274481367981.0
11100 278185276531.0
11400 283703174652.0
11700 285373320565.0
12000 287116546717.0
12300 289320054451.0
12600 290958444949.0
12900 291777088879.0
13200 301484356332.0
13500 302584413063.0
13800 304137183704.0
14100 306317728409.0
14400 306708094538.0
14700 316552964111.0
15000 319632691818.0
15300 325349802036.0
15600 326216013609.0
15900 327455388388.0
16200 328013977420.0
16500 328965894321.0
16800 331167341218.0
17100 331911836297.0
17400 332576892196.0
17700 333636551938.0
18000 337193395810.0
18300 413269859835.0
18600 416199811624.0
18900 420205454129.0
19200 424628420197.0
19500 425296801185.0
19800 425814205034.0
20100 429765599632.0
20400 439244901029.0
20700 439855096552.0
21000 440826106384.0
21300 441770776389.0
21600 443103396928.0
21900 448854789864.0
22200 450443832403.0
22500 456930212764.0
22800 517685720375.0
23100 520204267225.0
23400 521523340551.0
23700 524904781011.0
24000 526186178155.0
24300 526541100246.0
24600 528997262629.0
24900 533472163328.0
25200 534358726627.0
25500 543016376073.0
25800 551991986041.0
26100 566509633591.0
26400 585958629426.0
26700 590963768502.0
27000 591594409554.0
27300 592503472908.0
27600 598804239076.0
27900 601596403948.0
28200 602329193527.0
28500 603919112596.0
28800 604665074930.0
29100 612326006883.0
29400 614862469791.0
29700 616593937702.0
30000 630429676441.0
30300 634026247082.0
30600 634501289197.0
30900 636511639012.0
31200 637411544148.0
31500 641764149590.0
31800 644598868607.0
32100 645329950335.0
32400 646136261589.0
32700 649739967933.0
33000 657582285841.0
33300 660120460475.0
33600 660610889696.0
33900 685432145157.0
34200 687506744320.0
34500 687994958620.0
34800 689732420253.0
35100 702798576120.0
35400 708631809485.0
35700 716134266323.0
36000 727791943386.0
36300 732244750148.0
36600 735118471628.0
36900 743477437248.0
37200 745216036691.0
37500 746983137913.0
37800 753064957518.0
38100 754617869945.0
38400 755544884591.0
38700 759745640607.0
39000 761160545963.0
39300 761616177005.0
39600 772552952970.0
39900 775552498334.0
40200 777560240167.0
40500 780867219167.0
40800 784160775020.0
41100 785712630416.0
41400 789385177397.0
41700 791008794511.0
42000 792132803462.0
42300 793959709150.0
42600 800090684686.0
42900 801430424707.0
43200 804223083954.0
43500 813664199765.0
43800 818262777632.0
44100 821875917638.0
44400 826908433308.0
44700 828127107375.0
45000 830035500300.0
45300 831004364201.0
45600 842422692700.0
45900 865797934891.0
46200 867106341920.0
46500 867392578677.0
46800 868279207904.0
47100 872923219271.0
47400 877050765967.0
47700 880280845640.0
48000 881907760453.0
48300 883267700730.0
48600 889230789889.0
48900 900088688257.0
49200 905951585068.0
49500 908198923743.0
49800 909526997677.0
50100 918969852739.0
50400 922601223258.0
50700 925796328650.0
51000 934927545770.0
51300 941586800044.0
51600 946646295404.0
51900 947482434902.0
52200 948898514837.0
52500 949388714836.0
52800 949950003406.0
53100 954344232582.0
53400 957559651736.0
53700 958625681729.0
54000 961515375241.0
54300 967556005548.0
54600 976305080691.0
54900 978197984230.0
55200 979513602766.0
55500 982996344801.0
55800 983834610095.0
56100 984995775986.0
56400 999496677527.0
56700 1004590073952.0
57000 1006384775001.0
57300 1010158676507.0
57600 1011074330395.0
57900 1020204222242.0
58200 1023305852362.0
58500 1032387862478.0
58800 1048240329273.0
59100 1055511588883.0
59400 1062108732611.0
59700 1070074480410.0
60000 1087058353022.0
60300 1095408265394.0
60600 1103362077134.0
60900 1105436890292.0
61200 1109372855332.0
61500 1110548548721.0
