0 0
300 13577408207.0
600 28633359001.0
900 43579965239.0
1200 53543948471.0
1500 63595788302.0
1800 69983199652.0
2100 87636321921.0
2400 103275494785.0
2700 111545265050.0
3000 122295032362.0
3300 141294229921.0
3600 151010401827.0
3900 157709292126.0
4200 165844921569.0
4500 171805805766.0
4800 184274214762.0
5100 189388385246.0
5400 196749584233.0
5700 206405386632.0
6000 212992820652.0
6300 227154244130.0
6600 237376060397.0
6900 252436799936.0
7200 263119113657.0
7500 267710561632.0
7800 275262598881.0
8100 280700493364.0
8400 289431843574.0
8700 301672294537.0
9000 310335183142.0
9300 315652203942.0
9600 321176592223.0
9900 329722622923.0
10200 339825813947.0
10500 359522152559.0
10800 372428532942.0
11100 380258866505.0
11400 386048473700.0
11700 393414158132.0
12000 398994463930.0
12300 409024988958.0
12600 418352199024.0
12900 424915457529.0
13200 429385010556.0
13500 432383621591.0
13800 436722781740.0
14100 448182996256.0
14400 453397901347.0
14700 457724545565.0
15000 461732082403.0
15300 463624803712.0
15600 466310371606.0
15900 470807021160.0
16200 476263676177.0
16500 482950021438.0
16800 491849860548.0
17100 497059924859.0
17400 500335854696.0
17700 508966640560.0
18000 513582350955.0
18300 517319160207.0
18600 520804906581.0
18900 524004365514.0
19200 527345043578.0
19500 531809394501.0
19800 535752989846.0
20100 539554266468.0
20400 543083638096.0
20700 543815325810.0
21000 547507692322.0
21300 554507972189.0
21600 559124776620.0
21900 563473236858.0
22200 565471540526.0
22500 567477233997.0
22800 570478051727.0
23100 573111473563.0
23400 576502667949.0
23700 579319402227.0
24000 580660091154.0
24300 582569390315.0
24600 584944417934.0
24900 588922884281.0
25200 593205015513.0
25500 596635062755.0
25800 599336399701.0
26100 601430755555.0
26400 605076174244.0
26700 607312480707.0
27000 610253245408.0
27300 614141013318.0
27600 615427432815.0
27900 617281934464.0
28200 618863758424.0
28500 623035457308.0
28800 628390380639.0
29100 631654110392.0
29400 633974173253.0
29700 637502758177.0
30000 639987530245.0
30300 642799547030.0
30600 646214462492.0
30900 649654397833.0
31200 652658199290.0
31500 654287745133.0
31800 657042296663.0
32100 662330279374.0
32400 667451637622.0
32700 670485137618.0
33000 674964816831.0
33300 677971102420.0
33600 680425302871.0
33900 684359905165.0
34200 687507530645.0
34500 689965571389.0
34800 694991350430.0
35100 700637139353.0
35400 704438213452.0
35700 710806504364.0
36000 717653330965.0
36300 721614516242.0
36600 726018003540.0
36900 730376474313.0
37200 734331146300.0
37500 739263987876.0
37800 745089708611.0
38100 749032782110.0
38400 755954584661.0
38700 768021534410.0
39000 773272657798.0
39300 779814349642.0
39600 785601537419.0
39900 790934431052.0
40200 797117223187.0
40500 803593460936.0
40800 809259974965.0
41100 812910126300.0
41400 821224106998.0
41700 828843286582.0
42000 836031076578.0
42300 845731725770.0
42600 853505399654.0
42900 865202017801.0
43200 872468725467.0
43500 878202743923.0
43800 884028987266.0
44100 888881303339.0
44400 895823534131.0
44700 905253546060.0
45000 915411437964.0
45300 923452079467.0
45600 928792604356.0
45900 934720154389.0
46200 943593260173.0
46500 953258630601.0
46800 962326556185.0
47100 968670986127.0
47400 975767544716.0
47700 985579780812.0
48000 993202989837.0
48300 1001161942469.0
48600 1008314369428.0
48900 1017051798892.0
49200 1025702181090.0
49500 1032789328010.0
49800 1043553243715.0
50100 1054079740863.0
50400 1065257413459.0
50700 1072801948229.0
51000 1079678350512.0
51300 1088963846992.0
51600 1167490635272.0
51900 1178947656191.0
52200 1191686031310.0
52500 1201751090315.0
52800 1212812558273.0
53100 1224319569913.0
53400 1244262253129.0
53700 1254050460974.0
54000 1265192937507.0
54300 1273714788784.0
54600 1283980950172.0
54900 1294483918783.0
55200 1313034789120.0
55500 1321972673481.0
55800 1331783656681.0
56100 1347806381785.0
56400 1363300689933.0
56700 1377128255842.0
57000 1387288587099.0
57300 1399545122840.0
57600 1408732931278.0
57900 1419038078404.0
58200 1430758406511.0
58500 1444896587055.0
58800 1457413758339.0
59100 1466802381569.0
59400 1479265023467.0
59700 1491098256907.0
60000 1498746879073.0
60300 1510332102616.0
60600 1521313836952.0
60900 1533174080898.0
61200 1543019319685.0
61500 1554834992171.0
61800 1567017602246.0
62100 1581137351441.0
62400 1591496260964.0
62700 1601889020051.0
63000 1617557605237.0
63300 1634379267694.0
63600 1647568023686.0
63900 1662999281780.0
64200 1684310472050.0
64500 1707553073078.0
64800 1720839481951.0
65100 1730011434683.0
65400 1743678024862.0
65700 1754285978370.0
66000 1765668239660.0
66300 1780385006174.0
66600 1795158314539.0
66900 1809554637532.0
67200 1818438251803.0
67500 1840430476409.0
67800 1863338136698.0
68100 1883879712086.0
68400 1897419210432.0
68700 1904765691336.0
69000 1919314398205.0
69300 1929768172594.0
69600 1945200518652.0
69900 1960000406675.0
70200 1969712473876.0
70500 1983315621699.0
70800 1996482720682.0
71100 2016098267819.0
71400 2032595937097.0
71700 2046896245327.0
72000 2057577833651.0
72300 2066393657132.0
72600 2079915363761.0
72900 2092300781194.0
73200 2102718697028.0
73500 2115087177562.0
73800 2125543800945.0
74100 2136676272625.0
74400 2145866786429.0
74700 2160753407679.0
75000 2175102445665.0
75300 2187527096423.0
75600 2201027570343.0
75900 2214259195582.0
76200 2225967695003.0
76500 2237427541907.0
76800 2248677154829.0
77100 2259378843535.0
77400 2271373909036.0
77700 2284360688330.0
78000 2295076706166.0
78300 2309561800230.0
78600 2323727270364.0
78900 2339041371270.0
79200 2350550365730.0
79500 2357584395002.0
79800 2370354066037.0
80100 2381744797167.0
80400 2395903758010.0
80700 2407062232081.0
81000 2418964358003.0
81300 2430864672475.0
81600 2441342103849.0
81900 2456588733411.0
82200 2474689662871.0
82500 2490641792082.0
82800 2500594855416.0
83100 2511737818045.0
83400 2525747466268.0
83700 2540410140206.0
84000 2552884684872.0
84300 2560227275520.0
84600 2570193300844.0
84900 2579934476113.0
85200 2586957284525.0
85500 2595968516291.0
85800 2606944649083.0
86100 2618327158293.0
86400 2627942232738.0
86700 2631266080329.0
