0 0
300 82143958951.0
600 160342514357.0
900 238019351726.0
1200 318019567138.0
1500 400735849408.0
1800 504037049116.0
2100 615257458472.0
2400 713469468997.0
2700 792689646663.0
3000 875044871320.0
3300 952683272424.0
3600 1026643465221.0
3900 1101997400683.0
4200 1170080640910.0
4500 1235513341683.0
4800 1303872563517.0
5100 1368965248164.0
5400 1438958448574.0
5700 1505760556717.0
6000 1573303727937.0
6300 1637272484027.0
6600 1715741974099.0
6900 1796361706586.0
7200 1876266648180.0
7500 1950124053296.0
7800 2035485183217.0
8100 2128816064949.0
8400 2187172761668.0
8700 2263998888004.0
9000 2319212379410.0
9300 2369557889539.0
9600 2425684397793.0
9900 2476512665057.0
10200 2526277725248.0
10500 2606437712509.0
10800 2644370478419.0
11100 2680594054075.0
11400 2711706872758.0
11700 2746672372260.0
12000 2786432997230.0
12300 2833697095812.0
12600 2939073823945.0
12900 2977055578977.0
13200 3015874569223.0
13500 3057154159428.0
13800 3088000265502.0
14100 3119909474292.0
14400 3152506786253.0
14700 3182516672397.0
15000 3210861627081.0
15300 3254533053657.0
15600 3327282475279.0
15900 3410835138698.0
16200 3504944181125.0
16500 3572654915834.0
16800 3647067675785.0
17100 3696709038428.0
17400 3734483611355.0
17700 3773733741129.0
18000 3807677251523.0
18300 3864164902743.0
18600 3926345085317.0
18900 3959332288025.0
19200 3998865703551.0
19500 4030828179753.0
19800 4067593202415.0
20100 4103579461459.0
20400 4152804819837.0
20700 4217125869935.0
21000 4288578931921.0
21300 4344201444860.0
21600 4391755895640.0
21900 4447836058894.0
22200 4499282026493.0
22500 4545942018867.0
22800 4614729618697.0
23100 4661487532349.0
23400 4713182451888.0
23700 4782487858831.0
24000 4829528001156.0
24300 4894660898496.0
24600 4995275853641.0
24900 5111747272480.0
25200 5163213508413.0
25500 5212521711605.0
25800 5264230687659.0
26100 5313152279895.0
26400 5362764837610.0
26700 5410247486163.0
27000 5460565668759.0
27300 5515465365233.0
27600 5558899133679.0
27900 5597475899608.0
28200 5649522487629.0
28500 5700109001588.0
28800 5765329389604.0
29100 5829240568719.0
29400 5906435477206.0
29700 5972867508413.0
30000 6040093158030.0
30300 6113331243651.0
30600 6196139008038.0
30900 6299152959574.0
31200 6431653272250.0
31500 6551696770014.0
31800 6670844610966.0
32100 6757809351207.0
32400 6841986714443.0
32700 6924580567094.0
33000 7023021149193.0
33300 7130057046689.0
33600 7222165104524.0
33900 7312447975042.0
34200 7390902444727.0
34500 7470446816756.0
34800 7599299945879.0
35100 7765616644355.0
35400 7894654301548.0
35700 8015228904604.0
36000 8111527614686.0
36300 8199836116609.0
36600 8294256749174.0
36900 8380212455862.0
37200 8459163562620.0
37500 8536799982409.0
37800 8617168308902.0
38100 8693514313349.0
38400 8770870379080.0
38700 8847202709378.0
39000 8932490240812.0
39300 9054875215231.0
39600 9197213608218.0
39900 9337673177078.0
40200 9463383178806.0
40500 9562034210592.0
40800 9655894030285.0
41100 9751963075501.0
41400 9812371462891.0
41700 9888626279018.0
42000 9968254745277.0
42300 10046266280776.0
42600 10115469728178.0
42900 10183186803239.0
43200 10273995895219.0
43500 10370524846528.0
43800 10437431935458.0
44100 10488735867219.0
44400 10531753319654.0
44700 10573519441393.0
45000 10616585756522.0
45300 10654826334133.0
45600 10696387759670.0
45900 10732081553947.0
46200 10774933744916.0
46500 10822046388296.0
46800 10855475217137.0
47100 10924911146560.0
47400 10975130297713.0
47700 11041151707140.0
48000 11099163304585.0
48300 11167420708770.0
48600 11235671697640.0
48900 11304331225720.0
49200 11375631367574.0
49500 11428253487976.0
49800 11480425903621.0
50100 11521301246106.0
50400 11580373606161.0
50700 11625822628894.0
51000 11726472388530.0
51300 11811837293741.0
51600 11878729451674.0
51900 11948426827563.0
52200 12007604601918.0
52500 12061024717631.0
52800 12111919472158.0
53100 12165293189009.0
53400 12205523381037.0
53700 12256074532299.0
54000 12304893340997.0
54300 12364527436755.0
54600 12410536639256.0
54900 12456385947641.0
55200 12507689505737.0
