0 0
30 106137213717200.0
60 218816747653056.0
90 330837475576107.0
120 442295241895563.0
150 552999835513239.0
180 663327892380628.0
210 773311999044888.0
240 883287446087074.0
270 993136704581020.0
300 1102642309415732.0
330 1211803038912641.0
360 1320725383036083.0
390 1415030467225464.0
420 1524181452463577.0
450 1633488569431286.0
480 1743376713660226.0
510 1853043619075228.0
540 1962859456581289.0
570 2072640483895890.0
600 2182067153829389.0
630 2291490651517722.0
660 2400857799054447.0
690 2510093979863774.0
720 2619431738810498.0
750 2721798005106486.0
780 2831682996793496.0
810 2940532422580618.0
840 3050191984903344.0
870 3160572733059279.0
900 3270803798444560.0
930 3381167063423566.0
960 3491197153893981.0
990 3601116349918949.0
1020 3711479022137607.0
1050 3821668277000066.0
1080 3932064262024471.0
1110 4028339999654149.0
1140 4139006047531528.0
1170 4250150639656700.0
1200 4360925314702314.0
1230 4471380573845085.0
1260 4582132227411763.0
1290 4693204204660255.0
1320 4804401461243976.0
1350 4915560370509902.0
1380 5026898937337174.0
1410 5138705350540422.0
1440 5250202787012864.0
1470 5361112386309206.0
1500 5467325725368689.0
1530 5579168987389491.0
1560 5690671926276407.0
1590 5801983474470549.0
1620 5913457378760171.0
1650 6025297565860988.0
1680 6136790160737576.0
1710 6248357545063578.0
1740 6360516694046594.0
1770 6472597791237650.0
1800 6584550860452584.0
1830 6696622891855482.0
1860 6791393721393934.0
1890 6903975849342134.0
1920 7016714101142162.0
1950 7129392910421742.0
1980 7241745960915845.0
2010 7353813479335198.0
2040 7465939270715020.0
2070 7578619704864470.0
2100 7691142121601986.0
2130 7803546874566499.0
2160 7915982162473108.0
2190 8028388201907782.0
2220 8129458243740944.0
2250 8129458262982890.0
2280 8129458343593996.0
2310 8129458343593996.0
2340 8129458448677140.0
2370 8129458448677140.0
2400 8132059803140729.0
2430 8150867758502177.0
2460 8216314513468970.0
2490 8376820691050547.0
2520 8544615593367802.0
2550 8704386150466506.0
2580 8853820786582675.0
2610 8986488345344227.0
2640 9108172934983136.0
2670 9228040230525008.0
2700 9346065805455692.0
2730 9462224389851912.0
2760 9577245925267668.0
2790 9690985301456440.0
2820 9803892109261236.0
2850 9915522190183816.0
2880 1.0026978735862864e+16
2910 1.0137476871389612e+16
2940 1.0245251900754092e+16
2970 1.0356401692182184e+16
3000 1.0466622325342136e+16
3030 1.0577661183526704e+16
3060 1.0689688728534844e+16
3090 1.0801301744751416e+16
3120 1.091189939537242e+16
3150 1.10233367289402e+16
3180 1.1135045640292036e+16
3210 1.1246389863974132e+16
3240 1.13572621560488e+16
3270 1.1468417338508084e+16
3300 1.1578961266174068e+16
3330 1.1689767225516244e+16
3360 1.180084800264806e+16
3390 1.1912533287518864e+16
3420 1.20231071542363e+16
3450 1.213356031709286e+16
3480 1.224484230129384e+16
3510 1.2355914243383416e+16
3540 1.2467244264872468e+16
3570 1.257820101063768e+16
3600 1.2689252659514092e+16
3630 1.2796989244396356e+16
3660 1.2907537854420328e+16
3690 1.3018126483635736e+16
3720 1.3129182499204352e+16
3750 1.324036669398926e+16
3780 1.3351553108916424e+16
3810 1.3463174237112016e+16
3840 1.3574092023359172e+16
3870 1.3685070076934656e+16
3900 1.3795420804980992e+16
3930 1.3906044414819944e+16
3960 1.4017371881150084e+16
3990 1.4128175000039544e+16
4020 1.4239258061272788e+16
4050 1.4349640315635968e+16
4080 1.4428982216021964e+16
4110 1.4428982431311804e+16
4140 1.4428982431311804e+16
4170 1.4428982536398508e+16
4200 1.4432589317231036e+16
4230 1.4444182034015324e+16
4260 1.4508035589463828e+16
4290 1.4611469104011972e+16
4320 1.4716842808085516e+16
4350 1.4822211624161544e+16
4380 1.49273292854958e+16
4410 1.5032481228254176e+16
4440 1.5139064480770688e+16
4470 1.5244751036649004e+16
4500 1.5323605611038884e+16
4530 1.5421336169813664e+16
4560 1.5527607983318128e+16
4590 1.5634320570139188e+16
4620 1.574125297092738e+16
4650 1.5848629137446404e+16
4680 1.5955431991408964e+16
4710 1.6063126903343784e+16
4740 1.6170421645871068e+16
4770 1.6277975845992428e+16
4800 1.6343782062882404e+16
4830 1.6422841218476562e+16
4860 1.65304835666506e+16
4890 1.6638302402446424e+16
4920 1.6739405656482172e+16
4950 1.68470370254504e+16
4980 1.6954430818173868e+16
5010 1.7062654913071224e+16
5040 1.7121882835372876e+16
5070 1.722520865791762e+16
5100 1.733337618579335e+16
5130 1.7441148526821884e+16
5160 1.7548765072776688e+16
5190 1.7605624581583932e+16
5220 1.771215381399226e+16
5250 1.7820664221869912e+16
5280 1.7928587013877424e+16
5310 1.803641437354042e+16
5340 1.8144301736535908e+16
5370 1.825240008969596e+16
5400 1.8337828369830256e+16
