0 0
30 83731709947648.0
60 176824165130882.0
90 277321201971942.0
120 382536499847639.0
150 492803977101803.0
180 606147309712225.0
210 723634295168814.0
240 842176012034577.0
270 962472919513562.0
300 1083696534471147.0
330 1207714528993872.0
360 1332753945798381.0
390 1460655018042759.0
420 1590550045212138.0
450 1722530764945186.0
480 1856391263606732.0
510 1991589567602113.0
540 2126505577887148.0
570 2262185498833668.0
600 2398553998207089.0
630 2507002901601996.0
660 2643920420743977.0
690 2781162410333927.0
720 2916690728823473.0
750 3048451887954904.0
780 3172979408143385.0
810 3298702357198647.0
840 3420717592768117.0
870 3542070002631838.0
900 3660874858326894.0
930 3780790410984378.0
960 3901783817490234.0
990 4023534583656386.0
1020 4142111390770882.0
1050 4262499043622569.0
1080 4381503397826023.0
1110 4499357053125726.0
1140 4617737947450249.0
1170 4736196050049016.0
1200 4853937967375979.0
1230 4972398645925144.0
1260 5090360509430103.0
1290 5207765217939881.0
1320 5325648502710186.0
1350 5444323220364270.0
1380 5561867403415774.0
1410 5679543972788965.0
1440 5795804506482428.0
1470 5882545989419843.0
1500 6016265449953833.0
1530 6150497255790866.0
1560 6283198798564180.0
1590 6415936409750348.0
1620 6547885553836806.0
1650 6679411336575244.0
1680 6812066426058902.0
1710 6944847656720685.0
1740 7076772085067024.0
1770 7208745982989878.0
1800 7340563482720901.0
1830 7473943770644078.0
1860 7604642035769603.0
1890 7736820654332588.0
1920 7868416109854100.0
1950 8000799330958057.0
1980 8131492302987378.0
2010 8263010334315030.0
2040 8394800800824315.0
2070 8525792314777921.0
2100 8656707195693738.0
2130 8788007541522092.0
2160 8919782926699347.0
2190 9050623499288680.0
2220 9181923292970880.0
2250 9312843797962440.0
2280 9443897489551128.0
2310 9573050472040352.0
2340 9704171753168160.0
2370 9835786379838840.0
2400 9966798166906696.0
2430 1.0098116110674188e+16
2460 1.0229800167022144e+16
2490 1.03511885241519e+16
2520 1.0482096061416542e+16
2550 1.0612941151696348e+16
2580 1.074361243066076e+16
2610 1.0875244822249868e+16
2640 1.1006132456896976e+16
2670 1.1137814113082852e+16
2700 1.126895979628234e+16
2730 1.1399048781967036e+16
2760 1.1530062190836886e+16
2790 1.1660960625890484e+16
2820 1.1792055460710912e+16
2850 1.192170004887299e+16
2880 1.2053037926438266e+16
2910 1.2184289992519e+16
2940 1.2314110152556266e+16
2970 1.2443632819767346e+16
3000 1.257357116280886e+16
3030 1.270430600189109e+16
3060 1.283461690880896e+16
3090 1.2966272941257124e+16
3120 1.3096962575409704e+16
3150 1.3228789693228924e+16
3180 1.3359488143908168e+16
3210 1.3490099191276516e+16
3240 1.3621733165488988e+16
3270 1.3752453139944814e+16
3300 1.3883452892743336e+16
3330 1.4012006626061216e+16
3360 1.4141666758114548e+16
3390 1.42730056406583e+16
3420 1.4403770121003228e+16
3450 1.4534297618414946e+16
3480 1.4664312953274524e+16
3510 1.4794590327798342e+16
3540 1.4924872294893804e+16
3570 1.5056336963197928e+16
3600 1.518668774838332e+16
3630 1.5317349827917556e+16
3660 1.5448584785413768e+16
3690 1.5579355322814596e+16
3720 1.5710520937302024e+16
3750 1.5841690868809884e+16
3780 1.5971164083742216e+16
3810 1.6101922820271444e+16
3840 1.6232572855004176e+16
3870 1.6363293868848932e+16
3900 1.6400181743289812e+16
3930 1.6400183048198372e+16
3960 1.6400185895485588e+16
3990 1.6400188136689376e+16
4020 1.6400427389184004e+16
4050 1.6400589184594488e+16
4080 1.640606546141074e+16
4110 1.6406513101305196e+16
4140 1.6406513101305196e+16
4170 1.6406516962310376e+16
4200 1.6406516962310376e+16
4230 1.6406521905155164e+16
4260 1.6406521905171588e+16
4290 1.6406526847997904e+16
4320 1.6406526847997904e+16
4350 1.640653179082422e+16
4380 1.640653179082422e+16
4410 1.6406536733650536e+16
4440 1.6406536733650536e+16
4470 1.6406541676507428e+16
4500 1.6406541677073188e+16
4530 1.6406546619899504e+16
4560 1.6406563561660368e+16
