0 0
300 7035672675157.0
600 15267845054623.0
900 22113112669072.0
1200 28789980428873.0
1500 36305253421091.0
1800 42138034189099.0
2100 47324374798907.0
2400 52487491194212.0
2700 58492218021447.0
3000 62989665889521.0
3300 67859135507281.0
3600 72580097437684.0
3900 77520740729624.0
4200 83518687866154.0
4500 90020563432375.0
4800 95703171709386.0
5100 101751388443861.0
5400 106729589108581.0
5700 111766090744451.0
6000 116246924653423.0
6300 120457979170333.0
6600 124918988229244.0
6900 129864857056885.0
7200 133958788710011.0
7500 137837271089438.0
7800 141939326830036.0
8100 145664972997673.0
8400 150966605062325.0
8700 155719348596094.0
9000 164411558911160.0
9300 169605160118356.0
9600 173910089275110.0
9900 177149170402863.0
10200 180481940478200.0
10500 185182424238990.0
10800 189689479218853.0
11100 192213869881836.0
11400 195136081846684.0
11700 198327005089850.0
12000 201102060850686.0
12300 204203757782704.0
12600 207648027836221.0
12900 212166896232541.0
13200 214303204280568.0
13500 216192893099017.0
13800 217928766105917.0
14100 220447126826931.0
14400 222521317377904.0
14700 224276913195367.0
15000 226322484900286.0
15300 228625221869676.0
15600 232044820960101.0
15900 233826652955534.0
16200 235550927360945.0
16500 236938340457090.0
16800 238472802575142.0
17100 239931012597034.0
17400 242327671687850.0
17700 245000138677884.0
18000 246467711652676.0
18300 249067684225889.0
18600 250305321095300.0
18900 251727929981411.0
19200 253488202635539.0
19500 255014298071943.0
19800 257363772721306.0
20100 260741460262768.0
20400 263851953843717.0
20700 267003470281483.0
21000 268804139470281.0
21300 270111788611837.0
21600 271344676018844.0
21900 272616509603072.0
22200 273724604622842.0
22500 274991180931938.0
22800 276536247579780.0
23100 278100861411856.0
23400 279793651770508.0
23700 281024992381019.0
24000 282019154264380.0
24300 283243310528907.0
24600 284600514180280.0
24900 285560433385819.0
25200 286645492476837.0
25500 287709316850660.0
25800 288891423094923.0
26100 290175897705762.0
26400 291330417810723.0
26700 292534013820289.0
27000 293598030129233.0
27300 295068983301383.0
27600 296158377205267.0
27900 299149695039511.0
28200 303271923392498.0
28500 311368511468329.0
28800 315262686130979.0
29100 316308736614059.0
29400 317550603882019.0
29700 318563632885459.0
30000 320207879625042.0
30300 321433844949542.0
30600 322729096694335.0
30900 323721076439317.0
31200 324729621733170.0
31500 325745424303436.0
31800 327069738337133.0
32100 327961494012851.0
32400 329014576745860.0
32700 330098843979562.0
33000 331063070431867.0
33300 332359706916477.0
33600 336776703158684.0
33900 342688132005335.0
34200 344502820187812.0
34500 345686567291951.0
34800 346732767513332.0
35100 347795335238506.0
35400 348958638875310.0
35700 350501429954739.0
36000 351499473484918.0
36300 352228142761046.0
36600 353048683090516.0
36900 354169819418059.0
37200 355023007388059.0
37500 355956126744182.0
37800 357890855098809.0
38100 358856490809831.0
38400 359836720941499.0
38700 361950859044556.0
39000 362605636994626.0
39300 363399443837577.0
39600 364208271695536.0
39900 364811964013200.0
40200 365357429644306.0
40500 365971141089343.0
40800 367244403430556.0
41100 368040817677808.0
41400 368697981220279.0
41700 369784327467769.0
42000 370389063303178.0
42300 371526677739763.0
42600 372020643196972.0
42900 372657025890420.0
43200 373164813969916.0
43500 373723947960818.0
43800 374154622362655.0
44100 374676897975718.0
44400 376000867075513.0
44700 376997802743736.0
45000 378265432752577.0
45300 378811203492248.0
45600 379771324141888.0
45900 380474106178595.0
46200 468090123530752.0
46500 763195062481989.0
46800 1127646661886115.0
47100 1528022462177307.0
47400 1916398662852141.0
47700 2318634214667174.0
48000 2499347868341433.0
48300 2515548446014331.0
48600 2529908061938034.0
48900 2544450605341025.0
49200 2559074761553069.0
49500 2573582796623237.0
49800 2587839936344354.0
50100 2600707693806105.0
50400 2612845962971115.0
50700 2626002263745635.0
51000 2639091510289645.0
51300 2647256866097365.0
51600 2657264169473943.0
51900 2662181688176635.0
52200 2663812817984504.0
52500 2665664892702047.0
52800 2667650596448674.0
53100 2669478738471497.0
53400 2671816823222203.0
53700 2674271273439210.0
54000 2676664541169944.0
54300 2679044198146376.0
54600 2681147919127210.0
54900 2682997649014986.0
55200 2685814685824947.0
55500 2687578047151203.0
55800 2689589831410322.0
56100 2691853993481757.0
56400 2693841147203492.0
56700 2696025408918396.0
57000 2698272938436621.0
57300 2700224819195963.0
57600 2702267293101461.0
57900 2704492366117195.0
58200 2706657149521963.0
58500 2709011197395326.0
58800 2712022066554632.0
59100 2715419778349357.0
59400 2718464974364947.0
59700 2721837304996607.0
60000 2725067523183305.0
60300 2727781944027920.0
60600 2731871137827488.0
60900 2736787668795769.0
61200 2741215161406249.0
61500 2747754511318925.0
61800 2753753220053131.0
62100 2758250232342601.0
62400 2764326892957915.0
62700 2770608697537108.0
63000 2777000886248605.0
63300 2782263014273154.0
63600 2787861800834856.0
63900 2792813822356267.0
64200 2798009615533001.0
64500 2803809167254533.0
64800 2808892549672990.0
65100 2813588223866497.0
65400 2819764499229253.0
65700 2825713106571883.0
66000 2832902408093394.0
66300 2839541026393735.0
66600 2848949263813246.0
66900 2857493283673754.0
67200 2864679187340732.0
67500 2871876015036375.0
67800 2879135808310051.0
68100 2887794318520337.0
68400 2895155460548105.0
68700 2904017962441360.0
69000 2913899399099895.0
69300 2923996926407136.0
69600 2935617441685120.0
69900 2945366605485997.0
70200 2954012587328048.0
70500 2962690316391088.0
70800 2970806912981793.0
71100 2978688106666282.0
71400 2985846632477888.0
71700 2994022175786705.0
72000 3001672644428633.0
72300 3011001596050865.0
72600 3020562812806731.0
72900 3028934527129857.0
73200 3037851977562196.0
73500 3045274461677366.0
73800 3051823288728558.0
74100 3057962225276204.0
74400 3063450804015905.0
74700 3068920283743806.0
75000 3074153937548061.0
75300 3080456139087499.0
75600 3092585377455389.0
75900 3098668430224732.0
76200 3105320607016609.0
76500 3111155676656662.0
76800 3117878028920264.0
77100 3124574535311253.0
77400 3132961059645179.0
77700 3138547656065127.0
78000 3143832983437327.0
78300 3148754246565584.0
78600 3154836101941687.0
78900 3160938207671367.0
79200 3166048718768389.0
79500 3172282006366765.0
79800 3179158034693952.0
80100 3187203832274186.0
80400 3194414326412598.0
80700 3201392841571659.0
81000 3209317072892324.0
81300 3216046247285285.0
81600 3222753116542706.0
81900 3229216796080943.0
82200 3234816702723685.0
82500 3241923802739456.0
82800 3249072950783624.0
83100 3256024612047217.0
83400 3262246760326263.0
83700 3268852252898353.0
84000 3276158539177993.0
84300 3283548857477652.0
84600 3289210302947017.0
84900 3296558494829069.0
85200 3302727074864749.0
85500 3308606064970512.0
85800 3314246377499693.0
86100 3320657595377092.0
86400 3325946059623638.0
86700 3334696910641935.0
87000 3337445698254360.0
