0 0
300 1442366431218.0
600 3216774914430.0
900 6223101571806.0
1200 6871115330661.0
1500 7040541070843.0
1800 7199991616140.0
2100 7454205632511.0
2400 7699872098325.0
2700 7863855423447.0
3000 7874821412456.0
3300 7875504082400.0
3600 7877039365491.0
3900 7879234341062.0
4200 7894858308224.0
4500 7912925244364.0
4800 7946467226709.0
5100 7955751402661.0
5400 7964076264287.0
5700 7964614239573.0
6000 9892259483312.0
6300 11165277915773.0
6600 11592446120066.0
6900 13225542865513.0
7200 14550921292660.0
7500 16092264269290.0
7800 16148950509663.0
8100 16199893881513.0
8400 16309451443860.0
8700 16489730344796.0
9000 16689868496320.0
9300 16956674754999.0
9600 17610145086333.0
9900 20404347109915.0
10200 20730694263842.0
10500 21127338765334.0
10800 21420864571069.0
11100 22204767162241.0
11400 22812596058654.0
11700 23371918808132.0
12000 23803392702066.0
12300 24655093011012.0
12600 25154561140747.0
12900 25897340413803.0
13200 26340011715569.0
13500 27067880740685.0
13800 27723279554059.0
14100 28134286645895.0
14400 28717189238817.0
14700 29385923193497.0
15000 30034707158002.0
15300 30510728855168.0
15600 31213693118118.0
15900 32180553154780.0
16200 32768522371616.0
16500 33186558105647.0
16800 33498372014492.0
17100 34072387147192.0
17400 34652477005095.0
17700 35721142878353.0
18000 36078872902573.0
18300 36437468185171.0
18600 36849388833847.0
18900 37850029717653.0
19200 39610013727148.0
19500 40418694849853.0
19800 41366429502010.0
20100 42661258275161.0
20400 44107822590704.0
20700 44874334857670.0
21000 47467661191838.0
21300 50716690126126.0
21600 53506562549448.0
21900 56970846514176.0
22200 58987126392880.0
22500 60019577473392.0
22800 63164715885083.0
23100 63549664016633.0
23400 64036961925227.0
23700 64518145105242.0
24000 65075449424815.0
24300 66140695024375.0
24600 67610573819240.0
24900 69232262788610.0
25200 70530370506241.0
25500 72944241935612.0
25800 80153137906571.0
26100 83784949954033.0
26400 87723931563692.0
26700 92959222124282.0
27000 97751652967861.0
27300 102575302687468.0
27600 109446632360081.0
27900 112505618796376.0
28200 114719923766600.0
28500 115938733511260.0
28800 116364413599552.0
29100 116813736553610.0
29400 117392638003042.0
29700 120603117599803.0
30000 121961182084009.0
30300 125926731064698.0
30600 126145953318568.0
30900 131778291652936.0
31200 140998574681696.0
31500 150111950627221.0
31800 155578780598225.0
32100 162302999981631.0
32400 171236908095293.0
32700 180218249442890.0
33000 189635833664510.0
33300 198180384048728.0
33600 207955622991150.0
33900 215999366815024.0
34200 225489868022103.0
34500 235311234961506.0
34800 244428999247259.0
35100 250036624444607.0
35400 254677023899650.0
35700 260156564086591.0
36000 267179046392543.0
36300 275437376165836.0
36600 281385791934888.0
36900 285711937368672.0
37200 291173690752479.0
37500 294973649946825.0
37800 298906081170335.0
38100 302924150667131.0
38400 306559324158786.0
38700 311652422190328.0
39000 316596311182203.0
39300 319534107503959.0
39600 321598424853051.0
39900 322259392942540.0
40200 323371532174060.0
40500 323781114421474.0
40800 323803709907853.0
41100 323885095677901.0
41400 323898970876268.0
41700 323915747551420.0
42000 323950694333707.0
42300 323952962323778.0
42600 323954469627956.0
42900 323954815937551.0
43200 323959462258740.0
43500 323960349598747.0
43800 323962931711282.0
44100 323963342411065.0
44400 323963604030287.0
44700 323963964829990.0
45000 323964335908901.0
45300 323964725384904.0
45600 323964986091926.0
45900 323965418873271.0
46200 323965669574819.0
46500 323965996112740.0
46800 323966468908469.0
47100 324018860022762.0
47400 324019320633355.0
47700 324019573849139.0
48000 324020579867734.0
48300 324020983205926.0
48600 324021208449472.0
48900 324021551019858.0
49200 324030417002810.0
49500 324062434126606.0
49800 324062835004765.0
50100 324064464947371.0
50400 324065755780610.0
50700 324068261072491.0
51000 324090082018532.0
51300 324290741122415.0
51600 324901373641934.0
51900 325431263729544.0
52200 326783139823452.0
52500 329579154112277.0
52800 332467711766938.0
53100 336612628573000.0
53400 344403353532354.0
53700 350633650875497.0
54000 357898836382176.0
54300 365341755430688.0
54600 373766680904178.0
54900 389498906724040.0
55200 402606095818980.0
55500 414701267181524.0
55800 428729908843954.0
56100 439144747902925.0
56400 447387960990296.0
56700 456243972238947.0
57000 463623478580128.0
57300 472426920857865.0
57600 482327319753161.0
57900 488551520030851.0
58200 498225644386911.0
58500 504513417987262.0
58800 507486225763636.0
59100 509706675218093.0
59400 512467443354874.0
59700 514264910877989.0
60000 515892145786990.0
60300 516918102052768.0
60600 519598271741787.0
60900 522892946231293.0
61200 526680512871123.0
61500 529190269093907.0
61800 533059843128478.0
62100 535545155030484.0
62400 537239193366157.0
62700 539669740818568.0
63000 541022224870687.0
63300 543997728748411.0
63600 546489691179263.0
63900 548593022868227.0
64200 550492353290213.0
64500 553198679101385.0
64800 556475204545708.0
65100 560307891442109.0
65400 565385583438371.0
65700 570592274435832.0
66000 576475675560782.0
66300 581562542600378.0
66600 588639257120664.0
66900 598807763217522.0
67200 604328837024020.0
67500 606847678054023.0
67800 611142932186364.0
68100 615336741307707.0
68400 618961153984785.0
68700 620838021990933.0
69000 625691990278476.0
69300 628323546231991.0
69600 628955578380390.0
69900 629134506556362.0
70200 629198928473738.0
70500 630340174308355.0
70800 630914711089335.0
71100 631135454714420.0
71400 633095172231484.0
71700 638689424490612.0
72000 642776274726855.0
72300 647763522377088.0
72600 655705934116020.0
72900 662560975881982.0
73200 671856366587741.0
73500 679824743880960.0
73800 686300683947495.0
74100 695868444016854.0
74400 702658293514940.0
74700 705593640051873.0
75000 711576164796176.0
75300 713297435040652.0
75600 714111216585668.0
75900 715496120340936.0
76200 718503356336860.0
76500 720330465552234.0
76800 722576685628086.0
77100 726322614248782.0
77400 734972952471060.0
77700 736272119822487.0
78000 737349669610477.0
78300 739013729714964.0
78600 742105443037592.0
78900 745050250841758.0
79200 749126297080767.0
79500 751150909659822.0
79800 751729642294555.0
80100 752216011597703.0
80400 752326162522018.0
80700 752471203698663.0
81000 754974793231556.0
81300 758228810405176.0
81600 758470586304085.0
81900 763704996164979.0
82200 772458333908280.0
82500 780840645818428.0
82800 783388568184205.0
83100 787350688618620.0
83400 791442144458317.0
83700 793290800116406.0
84000 798270651269281.0
84300 806627748326076.0
84600 815571432744249.0
84900 820741584728665.0
85200 826964136929894.0
85500 836796383259198.0
85800 848921231725245.0
86100 854426171826807.0
86400 857169582837735.0
86700 858478567008106.0
