0 0
300 2121376752.0
600 2134365399.0
900 2151756300.0
1200 2630863513.0
1500 238539936260.0
1800 238556535422.0
2100 238582835438.0
2400 9116427868826.0
2700 28360675657399.0
3000 47875125876900.0
3300 51965373277757.0
3600 53727376449436.0
3900 56601290092234.0
4200 73444681580808.0
4500 108040652804841.0
4800 117715934483176.0
5100 168049762748933.0
5400 204985356029762.0
5700 211520239634643.0
6000 220383316469327.0
6300 231345439199367.0
6600 238104117499860.0
6900 248361052073458.0
7200 259596879717654.0
7500 273587405164096.0
7800 281913391995979.0
8100 292670802954648.0
8400 301106870639699.0
8700 314290324921167.0
9000 328527236462643.0
9300 338518221919926.0
9600 351422189019532.0
9900 367895744780629.0
10200 381632244795629.0
10500 390506531387379.0
10800 399940005035709.0
11100 409998954616371.0
11400 418824068525012.0
11700 433452916324402.0
12000 440610213530473.0
12300 445945918752628.0
12600 507001937970947.0
12900 529015839787076.0
13200 596710594537823.0
13500 670184872040792.0
13800 734609513344525.0
14100 782188500522010.0
14400 852519130693343.0
14700 924105204585903.0
15000 979205547836366.0
15300 1032164916283685.0
15600 1079116422131904.0
15900 1170495473125405.0
16200 1258859556476781.0
16500 1385826535538953.0
16800 1435701441933614.0
17100 1456703639817077.0
17400 1479586946901307.0
17700 1533390679469729.0
18000 1556955453932350.0
18300 1573178997572915.0
18600 1592805362888277.0
18900 1615607758081781.0
19200 1638217918659222.0
19500 1650767449794323.0
19800 1659122366884515.0
20100 1663666575819052.0
20400 1665942393669547.0
20700 1684499919106339.0
21000 1695699738104633.0
21300 1700526034119254.0
21600 1706477125837130.0
21900 1721878424620599.0
22200 1727329292577695.0
22500 1734617793715498.0
22800 1753471241402966.0
23100 1759399822838516.0
23400 1759400550277569.0
23700 1759404771265433.0
24000 1759484025629662.0
24300 1759780889340325.0
24600 1759884250152754.0
24900 1759888485830226.0
25200 1759912189709700.0
25500 1759919307648001.0
25800 1759928621207357.0
26100 1759930211562752.0
26400 1760833884688752.0
26700 1764166944371360.0
27000 1764192172864481.0
27300 1764199842953695.0
27600 1764224590573418.0
27900 1765021743367610.0
28200 1765916963139698.0
28500 1765926792052366.0
28800 1765930741034757.0
29100 1765931241800103.0
29400 1765931266120383.0
29700 1766134831789405.0
30000 1766162355264941.0
30300 1766162584340090.0
30600 1766162618835939.0
30900 1766162623327493.0
31200 1766162661179683.0
31500 1766162718127564.0
31800 1766162726752462.0
32100 1766162826733580.0
32400 1766164368964279.0
32700 1766164394228179.0
33000 1766169609277392.0
33300 1766461064675479.0
33600 1766518449791915.0
33900 1766534995925733.0
34200 1766535823151201.0
34500 1766536068354674.0
34800 1766536190345706.0
35100 1766536247305837.0
35400 1766537800538231.0
35700 1766540659805440.0
36000 1766540869270112.0
36300 1766625709091764.0
36600 1766625730653677.0
36900 1766907303076767.0
37200 1766910488632605.0
37500 1766910515217756.0
37800 1767032481863974.0
38100 1767034727311974.0
38400 1767037421497089.0
38700 1767143904838596.0
39000 1767147616224687.0
39300 1767171288796310.0
39600 1767175081305429.0
39900 1767209567459513.0
40200 1767217608348149.0
40500 1767219871452900.0
40800 1767285446635145.0
41100 1767285496599303.0
41400 1767327716864275.0
41700 1767342757058933.0
42000 1767345710708046.0
42300 1767358626380847.0
42600 1767468316708524.0
42900 1767480397191956.0
43200 1767539417823262.0
43500 1767553517541394.0
43800 1767553517541394.0
44100 1767556085713268.0
44400 1767585570724994.0
44700 1767585587440517.0
45000 1767585626172329.0
45300 1767585658321108.0
45600 1767585658353783.0
45900 1767585700023835.0
46200 1767585831648657.0
46500 1767702638181430.0
46800 1767705148494222.0
47100 1767705463879357.0
47400 1767706819552885.0
47700 1767706954402917.0
48000 1767708057211109.0
48300 1767709335954049.0
48600 1767709386255831.0
48900 1767710390835009.0
49200 1767710390835009.0
49500 1767710577468923.0
49800 1767711175646043.0
50100 1767711322252557.0
50400 1767711359462296.0
50700 1767715068561112.0
51000 1767715068561112.0
51300 1767715215081790.0
51600 1767716287547394.0
51900 1767716336283962.0
52200 1767716631976008.0
52500 1767716648200010.0
52800 1767716648200010.0
53100 1767716676251912.0
53400 1767716721657845.0
53700 1767716794239392.0
54000 1767716832694425.0
54300 1767717318834495.0
54600 1767717364713900.0
54900 1767724593656568.0
55200 1767725666097575.0
55500 1767725808029750.0
55800 1767725842264142.0
56100 1767726036689761.0
56400 1767726163225164.0
56700 1767726203040297.0
57000 1767726203201451.0
57300 1767726274920495.0
57600 1767726396271430.0
57900 1767726414558011.0
58200 1767726562401197.0
58500 1767726628636877.0
58800 1767728311472954.0
59100 1767730362435485.0
59400 1767730392528094.0
59700 1767730599526820.0
60000 1767730599526820.0
60300 1767730648455495.0
60600 1767730673777166.0
60900 1767730692896744.0
61200 1767730722175963.0
61500 1767735887772963.0
61800 1767737377577822.0
62100 1767737420611800.0
62400 1767738693657470.0
62700 1767738828050822.0
63000 1767741198364442.0
63300 1767741198540296.0
63600 1767741198540296.0
63900 1767741321698715.0
64200 1767741340404154.0
64500 1767747542600837.0
64800 1767747624977909.0
65100 1767747665887799.0
65400 1767747668476553.0
65700 1767747819382914.0
66000 1767748482890524.0
66300 1767748496986528.0
66600 1767749891563744.0
66900 1767749914128900.0
67200 1767749920273337.0
67500 1767749956516346.0
67800 1767749968153662.0
68100 1767749987937753.0
68400 1767750017219080.0
68700 1767750029969996.0
69000 1767750813960610.0
69300 1767753758022849.0
69600 1767754875333031.0
69900 1767755009035778.0
70200 1767755808675991.0
70500 1767756548268911.0
70800 1767756631039993.0
71100 1767756972071827.0
71400 1767757093229849.0
71700 1767758164472552.0
72000 1767758412374793.0
72300 1767758441323146.0
72600 1767758441323146.0
72900 1767758471518565.0
73200 1767759495133917.0
73500 1767759596826898.0
73800 1767759626930193.0
74100 1767759633668963.0
74400 1768175828147203.0
74700 1770162733558430.0
75000 1771994301479492.0
75300 1774632621673481.0
75600 1775943511486265.0
75900 1777652467820766.0
76200 1779963227382219.0
76500 1781929999778683.0
76800 1782050045820711.0
77100 1782053176466220.0
77400 1782056170425751.0
77700 1782059058266040.0
78000 1782059058276259.0
78300 1782059810354672.0
78600 1782059976858030.0
78900 1782063297903180.0
79200 1782064048751259.0
79500 1782064057028295.0
79800 1782066265132702.0
80100 1782066467723925.0
80400 1782103232036710.0
80700 1782103250754584.0
81000 1782103593448013.0
81300 1782103599984448.0
81600 1782104875963751.0
81900 1782105063621434.0
82200 1782105221959393.0
82500 1782105493380369.0
82800 1782105847028275.0
83100 1782105989388436.0
83400 1782106073762819.0
83700 1782106090883061.0
84000 1782106964938679.0
84300 1782107246815012.0
84600 1782107258735786.0
84900 1782107301907399.0
85200 1782107301907399.0
85500 1782107302457859.0
85800 1782107323749689.0
