0 0
30 83731882612677.0
60 176824564148301.0
90 277321800787397.0
120 382537374685582.0
150 492805134999348.0
180 606148792036560.0
210 723636103439282.0
240 842178375558919.0
270 962476403722151.0
300 1083702074371883.0
330 1207722197674769.0
360 1332763843326338.0
390 1460667122145233.0
420 1590564399247674.0
450 1722547490711321.0
480 1856410498749015.0
510 1991611340434448.0
540 2126529853480706.0
570 2262212309195217.0
600 2398583431039700.0
630 2507034434953465.0
660 2643954589591902.0
690 2781199213483531.0
720 2916730181277699.0
750 3048493930696445.0
780 3173023874355395.0
810 3298749303436292.0
840 3420766922863315.0
870 3542121734955910.0
900 3660929002144984.0
930 3780846924810120.0
960 3901842686259508.0
990 4023595757295289.0
1020 4142174936325020.0
1050 4262565017287521.0
1080 4381571774524267.0
1110 4499427794679871.0
1140 4617811063834496.0
1170 4736271553315619.0
1200 4854015895555084.0
1230 4972478983437701.0
1260 5090443296885648.0
1290 5207850469910882.0
1320 5325736251152652.0
1350 5444413501930086.0
1380 5561960200667637.0
1410 5679639295142367.0
1440 5795902309175083.0
1470 5882645712824803.0
1500 6016368051788144.0
1530 6150602744937877.0
1560 6283307092511973.0
1590 6416047728499464.0
1620 6548000030034664.0
1650 6679528809942893.0
1680 6812186733905877.0
1710 6944970796483611.0
1740 7076898201954284.0
1770 7208875201919548.0
1800 7340695645278388.0
1830 7474078855703372.0
1860 7604780039391298.0
1890 7736961448729642.0
1920 7868559780506722.0
1950 8000946056272762.0
1980 8131642044266255.0
2010 8263163123360778.0
2040 8394956576974560.0
2070 8525951118376781.0
2100 8656869014071424.0
2130 8788172381344147.0
2160 8919950831577690.0
2190 9050794389745196.0
2220 9182097238376036.0
2250 9313020788966708.0
2280 9444077522782060.0
2310 9573233436689188.0
2340 9704357641523040.0
2370 9835975275504572.0
2400 9966990001949400.0
2430 1.0098310890969244e+16
2460 1.0229997835969272e+16
2490 1.035138906976195e+16
2520 1.0482300177225204e+16
2550 1.061314869132206e+16
2580 1.0743823217632512e+16
2610 1.087545855731057e+16
2640 1.1006349194219014e+16
2670 1.1138033921956048e+16
2700 1.1269182597749528e+16
2730 1.139927452630962e+16
2760 1.1530290995629384e+16
2790 1.1661192553888088e+16
2820 1.1792290532641924e+16
2850 1.1921938240071838e+16
2880 1.2053279139752262e+16
2910 1.2184534220942708e+16
2940 1.231435745914164e+16
2970 1.2443883170501636e+16
3000 1.2573824815872904e+16
3030 1.2704562956851232e+16
3060 1.2834877131522128e+16
3090 1.2966536418646908e+16
3120 1.3097229230767316e+16
3150 1.3229059429069744e+16
3180 1.3359760943917974e+16
3210 1.3490375161503042e+16
3240 1.3622012234537112e+16
3270 1.3752735196590286e+16
3300 1.3883738030234668e+16
3330 1.4012294733878716e+16
3360 1.4141957870976328e+16
3390 1.427329995779894e+16
3420 1.4404067708135448e+16
3450 1.4534598230710172e+16
3480 1.4664616615887172e+16
3510 1.4794897231765544e+16
3540 1.492518256998348e+16
3570 1.505665046356614e+16
3600 1.5187004465364084e+16
3630 1.53176698596752e+16
3660 1.54489081272574e+16
3690 1.5579681955504776e+16
3720 1.5710850621700032e+16
3750 1.5842023582406032e+16
3780 1.597149983281394e+16
3810 1.6102261670752928e+16
3840 1.6232914868800172e+16
3870 1.6363638965842688e+16
3900 1.640052772835912e+16
3930 1.6400529046602304e+16
3960 1.6400531910208748e+16
3990 1.640053416099674e+16
4020 1.6400773478484004e+16
4050 1.6400935344442004e+16
4080 1.6406412751163992e+16
4110 1.6406860535231328e+16
4140 1.6406860535231328e+16
4170 1.6406864396204204e+16
4200 1.6406864396204204e+16
4230 1.640686933906732e+16
4260 1.6406869339118456e+16
4290 1.6406874281928388e+16
4320 1.6406874281928388e+16
4350 1.640687922473832e+16
4380 1.640687922473832e+16
4410 1.6406884167548252e+16
4440 1.6406884167548252e+16
4470 1.6406889110458472e+16
4500 1.6406889111111328e+16
4530 1.640689405392126e+16
4560 1.6406910995651448e+16
