0 0
300 1394217790.0
600 2728530761.0
900 16126558263.0
1200 17067307357.0
1500 19052141223.0
1800 20222684447.0
2100 23086546612.0
2400 31722483332.0
2700 36939884251.0
3000 41945522002.0
3300 47063102782.0
3600 56792617630.0
3900 82854593727.0
4200 84493778400.0
4500 87170481249.0
4800 89222938173.0
5100 90952078523.0
5400 93031192293.0
5700 94140949720.0
6000 95820137146.0
6300 110347036455.0
6600 112388221588.0
6900 119506650741.0
7200 150315697270.0
7500 154356457469.0
7800 214530623879.0
8100 228630958521.0
8400 236075750773.0
8700 243530805480.0
9000 259507032658.0
9300 268439286335.0
9600 270667246491.0
9900 271294069218.0
10200 271975685287.0
10500 273961138599.0
10800 276701754705.0
11100 280436634282.0
11400 286012023760.0
11700 287712003066.0
12000 289481296995.0
12300 291728736391.0
12600 293406960254.0
12900 294254241190.0
13200 304004238106.0
13500 305133081960.0
13800 306711468541.0
14100 308933705213.0
14400 309354286318.0
14700 319243867282.0
15000 322364763100.0
15300 328125648720.0
15600 329029380563.0
15900 330303668195.0
16200 330889067530.0
16500 331873292719.0
16800 334121762333.0
17100 334891056566.0
17400 335599682642.0
17700 336704236857.0
18000 340301548687.0
18300 416555353445.0
18600 419575351999.0
18900 423642850420.0
19200 428165155940.0
19500 428885153339.0
19800 429447219582.0
20100 433468490211.0
20400 442994070469.0
20700 443644481961.0
21000 444694566251.0
21300 445679911355.0
21600 447046633974.0
21900 452857028372.0
22200 454564861666.0
22500 461114285930.0
22800 522006987874.0
23100 524567224672.0
23400 525938018431.0
23700 529365351673.0
24000 530680471760.0
24300 531080861507.0
24600 533590002783.0
24900 538096879302.0
25200 539022010618.0
25500 547728516812.0
25800 556773966355.0
26100 571350721572.0
26400 590859640829.0
26700 595908922340.0
27000 596574054358.0
27300 597515782476.0
27600 604000183258.0
27900 606829426738.0
28200 607592483346.0
28500 609223941354.0
28800 610004186688.0
29100 617729578255.0
29400 620306019636.0
29700 622076165194.0
30000 635983021520.0
30300 639625274201.0
30600 640129941570.0
30900 642208581513.0
31200 643151112520.0
31500 647538467099.0
31800 650436179387.0
32100 651203950255.0
32400 652047884080.0
32700 655732639868.0
33000 663645591835.0
33300 666221484787.0
33600 666754233620.0
33900 691675817717.0
34200 693795847455.0
34500 694326459247.0
34800 696138446135.0
35100 709286602163.0
35400 715176247867.0
35700 722763660827.0
36000 734477316902.0
36300 739004407057.0
36600 741949652626.0
36900 750409641552.0
37200 752200765304.0
37500 754040107175.0
37800 760209323471.0
38100 761835506342.0
38400 762826613910.0
38700 767125989231.0
39000 768611630028.0
39300 769139368491.0
39600 780182634202.0
39900 783270051404.0
40200 785358393839.0
40500 788798176266.0
40800 792221734854.0
41100 793848015698.0
41400 797647055022.0
41700 799325738038.0
42000 800518384544.0
42300 802432390651.0
42600 808638602248.0
42900 810042016791.0
43200 812969245475.0
43500 822467979434.0
43800 827121121620.0
44100 830820781572.0
44400 835924019449.0
44700 837205954782.0
45000 839185513037.0
45300 840201816193.0
45600 851671445721.0
45900 875144006329.0
46200 876512184369.0
46500 876853097710.0
46800 877821871730.0
47100 882544764855.0
47400 886748257624.0
47700 890177039460.0
48000 891861949396.0
48300 893267048359.0
48600 899355134740.0
48900 910267922267.0
49200 916173082105.0
49500 918522915044.0
49800 919899080215.0
50100 929392219266.0
50400 933129558957.0
50700 936382540861.0
51000 945582654412.0
51300 952315029646.0
51600 957428137358.0
51900 958343480330.0
52200 959820250837.0
52500 960359421684.0
52800 960978601571.0
53100 965438422034.0
53400 968696513101.0
53700 969819777891.0
54000 972769314718.0
54300 978872474865.0
54600 987687915292.0
54900 989621658717.0
55200 990992901764.0
55500 994534859630.0
55800 995402297953.0
56100 996604795091.0
56400 1011198570219.0
56700 1016330427510.0
57000 1018170310765.0
57300 1021991520600.0
57600 1022939701307.0
57900 1032122130765.0
58200 1035276115609.0
58500 1044463587911.0
58800 1060479990901.0
59100 1067893949159.0
59400 1074630398365.0
59700 1082650113846.0
60000 1099705220211.0
60300 1108128914723.0
60600 1116135204727.0
60900 1118254934290.0
61200 1122258014391.0
61500 1123453773316.0
