0 0
30 106174859865476.0
60 218894917595488.0
90 330956946642542.0
120 442456198416951.0
150 553202730429229.0
180 663573631987426.0
210 773601186480070.0
240 883620463715162.0
270 993513579443448.0
300 1103063349882458.0
330 1212268764901004.0
360 1321235909898928.0
390 1415580071388621.0
420 1524776629482278.0
450 1634129263241235.0
480 1744063170642309.0
510 1853776101868526.0
540 1963638261391905.0
570 2073465671269381.0
600 2182939262407665.0
630 2292409913639529.0
660 2401824358669347.0
690 2511107753293278.0
720 2620492357649378.0
750 2722902671124758.0
780 2832835089921452.0
810 2941731209918496.0
840 3051437442602764.0
870 3161864559432910.0
900 3272141640583116.0
930 3382551005517040.0
960 3492627056652140.0
990 3602592488650532.0
1020 3713001675171716.0
1050 3823237794386729.0
1080 3933680576338098.0
1110 4029996727626681.0
1140 4140709710446761.0
1170 4251901306332259.0
1200 4362722669565405.0
1230 4473224525646656.0
1260 4584022756862008.0
1290 4695141071504892.0
1320 4806384307680598.0
1350 4917589001372187.0
1380 5028973153148868.0
1410 5140825301803518.0
1440 5252368760091878.0
1470 5363324188491176.0
1500 5469581745105967.0
1530 5581471475626517.0
1560 5693020755773921.0
1590 5804378509828637.0
1620 5915898948788313.0
1650 6027785437289161.0
1680 6139324260672409.0
1710 6250937624436483.0
1740 6363142524996883.0
1770 6475269418170447.0
1800 6587268033985631.0
1830 6699385710463265.0
1860 6794195081635309.0
1890 6906823079452871.0
1920 7019607239713426.0
1950 7132331882663827.0
1980 7244730979461207.0
2010 7356844697149351.0
2040 7469016575731581.0
2070 7581743335948315.0
2100 7694312113872295.0
2130 7806763043630314.0
2160 7919244533086630.0
2190 8031696517756583.0
2220 8132807647300281.0
2250 8132807666534035.0
2280 8132807747272117.0
2310 8132807747272117.0
2340 8132807852347069.0
2370 8132807852347069.0
2400 8135409203722410.0
2430 8154217163467265.0
2460 8219663993406023.0
2490 8380171762838457.0
2520 8547969225931850.0
2550 8707742339907677.0
2580 8857179445915893.0
2610 8989854370956919.0
2640 9111550140102088.0
2670 9231428186899092.0
2700 9349464411817502.0
2730 9465635093752872.0
2760 9580668372503624.0
2790 9694419479961844.0
2820 9807338654088308.0
2850 9918980935025192.0
2880 1.003044990920211e+16
2910 1.0140960487971464e+16
2940 1.0248748322869036e+16
2970 1.0359911460410836e+16
3000 1.0470145761604344e+16
3030 1.058119819520764e+16
3060 1.0693238981402792e+16
3090 1.0804865538392012e+16
3120 1.0915476932280588e+16
3150 1.1026927850703452e+16
3180 1.1138650180951808e+16
3210 1.1250007962750184e+16
3240 1.136089381337208e+16
3270 1.1472062698345668e+16
3300 1.1582620481825508e+16
3330 1.1693440387876504e+16
3360 1.1804534935029492e+16
3390 1.1916233685086128e+16
3420 1.202682157467012e+16
3450 1.2137288652568812e+16
3480 1.2248584230371636e+16
3510 1.2359669711269148e+16
3540 1.2471013175183712e+16
3570 1.258198350287442e+16
3600 1.2693048782123084e+16
3630 1.2800798739770536e+16
3660 1.2911361176704948e+16
3690 1.3021963487899528e+16
3720 1.313303325079566e+16
3750 1.3244231136349292e+16
3780 1.3355431104451088e+16
3810 1.3467065772436512e+16
3840 1.3577997171165654e+16
3870 1.3688988811184672e+16
3900 1.3799353132508472e+16
3930 1.3909990440054e+16
3960 1.4021331655621604e+16
3990 1.4132148437823844e+16
4020 1.4243245200687588e+16
4050 1.4353641357835344e+16
4080 1.4432993236375208e+16
4110 1.4432993451695816e+16
4140 1.4432993451695816e+16
4170 1.4432993556833776e+16
4200 1.44366013809122e+16
4230 1.4448198108741164e+16
4260 1.4512060796714784e+16
4290 1.46155083039846e+16
4320 1.4720895604455112e+16
4350 1.4826277919395908e+16
4380 1.4931409376545036e+16
4410 1.503657496556922e+16
4440 1.5143171702783628e+16
4470 1.5248871870488104e+16
4500 1.5327736663085816e+16
4530 1.5425479809030536e+16
4560 1.5531765320159916e+16
4590 1.5638491544670628e+16
4620 1.5745437316007444e+16
4650 1.5852826963434424e+16
4680 1.5959643468880876e+16
4710 1.6067351864365652e+16
4740 1.6174659902962216e+16
4770 1.6282227495443296e+16
4800 1.6348041999237816e+16
4830 1.6427110909465758e+16
4860 1.6534766838596968e+16
4890 1.6642599052791572e+16
4920 1.6743714556521656e+16
4950 1.6851359332216756e+16
4980 1.6958766842510664e+16
5010 1.7067004355555704e+16
5040 1.7126239560505924e+16
5070 1.7229578217917604e+16
5100 1.7337759041095824e+16
5130 1.7445545146089456e+16
5160 1.7553175494212628e+16
5190 1.7610042066474124e+16
5220 1.7716584119556924e+16
5250 1.7825107834817824e+16
5280 1.7933044105956384e+16
5310 1.804088497552779e+16
5340 1.8148785808667612e+16
5370 1.8256897518365096e+16
5400 1.8342336225286416e+16
