0 0
300 41827493285019.0
600 83536673418258.0
900 124299239510308.0
1200 166916251910124.0
1500 209541432460024.0
1800 251635063406224.0
2100 293566056265501.0
2400 335035240475446.0
2700 375857089797032.0
3000 417254127649638.0
3300 457925203518547.0
3600 498347668579006.0
3900 538234314887580.0
4200 576968443808046.0
4500 614517597235647.0
4800 651744434721585.0
5100 689757362846786.0
5400 728071959943184.0
5700 766220579287223.0
6000 803701286028090.0
6300 840427923503560.0
6600 874163810579604.0
6900 909441424734165.0
7200 943722874411198.0
7500 978147890972197.0
7800 1011446710941478.0
8100 1045435595102547.0
8400 1080404283502734.0
8700 1113815256872135.0
9000 1147437353430148.0
9300 1180931896432989.0
9600 1213824354823971.0
9900 1245979299661061.0
10200 1278426081955603.0
10500 1310059379083157.0
10800 1341666390372782.0
11100 1373273916167760.0
11400 1403763686282272.0
11700 1433585373079202.0
12000 1462417087192541.0
12300 1492312356201850.0
12600 1521763965567534.0
12900 1550240581660864.0
13200 1577475558175542.0
13500 1605821005373152.0
13800 1633901381998147.0
14100 1661706609862932.0
14400 1689791186974295.0
14700 1717354114242512.0
15000 1744019946369101.0
15300 1771133028347439.0
15600 1797220538262558.0
15900 1822757000441597.0
16200 1849025780501652.0
16500 1875199839485822.0
16800 1902027235407172.0
17100 1929987063339450.0
17400 1958928552951924.0
17700 1987001026397429.0
18000 2015333421224190.0
18300 2043346985143147.0
18600 2070466452832308.0
18900 2097703944036838.0
19200 2125203268164743.0
19500 2152921716980102.0
19800 2180751102525341.0
20100 2209197691295310.0
20400 2236341887366561.0
20700 2263367644701311.0
21000 2289155680600160.0
21300 2315175057921991.0
21600 2340701861920355.0
21900 2352978946671466.0
