0 0
300 28607122573158.0
600 56107979225412.0
900 85161253061013.0
1200 113429486244403.0
1500 147706026698363.0
1800 179257499234387.0
2100 212517848376202.0
2400 240481023602883.0
2700 268481603911332.0
3000 294805783054063.0
3300 321912579903078.0
3600 347654618998669.0
3900 374410302667053.0
4200 399224962762554.0
4500 426002377738187.0
4800 450634250102511.0
5100 479587120719493.0
5400 504736582094659.0
5700 529401230103704.0
6000 551735973835578.0
6300 575236867374769.0
6600 598019693173523.0
6900 621695834222935.0
7200 641875700385549.0
7500 663058125509346.0
7800 683338140693537.0
8100 704617122068777.0
8400 744272898023265.0
8700 778006798617380.0
9000 832991642990607.0
9300 860768625955405.0
9600 879886801578693.0
9900 898464314463966.0
10200 917518603674746.0
10500 936069551157279.0
10800 954414133200790.0
11100 972050561300696.0
11400 989539928304330.0
11700 1006739687712938.0
12000 1023590155982479.0
12300 1040987534458897.0
12600 1056597552865172.0
12900 1072805515159300.0
13200 1088600347408774.0
13500 1105204489547892.0
13800 1121598226756743.0
14100 1138828890445653.0
14400 1155121188166005.0
14700 1171141636013150.0
15000 1186316021928002.0
15300 1202177122117950.0
15600 1220925419752290.0
15900 1241989572948997.0
16200 1257974006780761.0
16500 1273356850638545.0
16800 1287798165440160.0
17100 1302874996060799.0
17400 1319977987639712.0
17700 1335999452545988.0
18000 1350885207742626.0
18300 1365319107443983.0
18600 1379899246694008.0
18900 1394376891720751.0
19200 1409654318994638.0
19500 1425175476383419.0
19800 1439396366729742.0
20100 1454175355663405.0
20400 1469318581780197.0
20700 1483279166921121.0
21000 1497734013207750.0
21300 1511733155018947.0
21600 1525582468980210.0
21900 1531341441512776.0
