0 0
300 82188420039.0
600 160430734119.0
900 238144111066.0
1200 318182808108.0
1500 400936371796.0
1800 504303560647.0
2100 615593230712.0
2400 713864309824.0
2700 793121897713.0
3000 875514627986.0
3300 953184261152.0
3600 1027178551867.0
3900 1102579323273.0
4200 1170700703666.0
4500 1236165911954.0
4800 1304561093079.0
5100 1369690806184.0
5400 1439721253840.0
5700 1506547932459.0
6000 1574131971198.0
6300 1638128778916.0
6600 1716640712319.0
6900 1797303212174.0
7200 1877257063314.0
7500 1951154957940.0
7800 2036568047383.0
8100 2129946815964.0
8400 2188329448984.0
8700 2265192103969.0
9000 2320439995156.0
9300 2370809114731.0
9600 2426962997222.0
9900 2477818252581.0
10200 2527612793426.0
10500 2607828985629.0
10800 2645791161585.0
11100 2682033335243.0
11400 2713176089314.0
11700 2748164458864.0
12000 2787957159266.0
12300 2835252011961.0
12600 2940691625859.0
12900 2978703732181.0
13200 3017549095344.0
13500 3058847437418.0
13800 3089717794548.0
14100 3121649557593.0
14400 3154262442742.0
14700 3184299917100.0
15000 3212667105165.0
15300 3256360451878.0
15600 3329147522947.0
15900 3412746615436.0
16200 3506901855487.0
16500 3574649092064.0
16800 3649100545159.0
17100 3698771653634.0
17400 3736576032498.0
17700 3775854988513.0
18000 3809826763503.0
18300 3866342524311.0
18600 3928570100687.0
18900 3961575313544.0
19200 4001133424732.0
19500 4033118178320.0
19800 4069903199109.0
20100 4105906262904.0
20400 4155163388600.0
20700 4219519705565.0
21000 4291007595125.0
21300 4346659217422.0
21600 4394236022454.0
21900 4450342681503.0
22200 4501814141323.0
22500 4548507253971.0
22800 4617329622959.0
23100 4664121601588.0
23400 4715839252189.0
23700 4785182939835.0
24000 4832252487792.0
24300 4897421883510.0
24600 4998104037135.0
24900 5114643506592.0
25200 5166134638165.0
25500 5215475246421.0
25800 5267209923461.0
26100 5316163957624.0
26400 5365794220995.0
26700 5413311264889.0
27000 5463646521076.0
27300 5518584688045.0
27600 5562042151215.0
27900 5600653833808.0
28200 5652735942170.0
28500 5703344339537.0
28800 5768592638582.0
29100 5832543776942.0
29400 5909777285630.0
29700 5976240879153.0
30000 6043494671420.0
30300 6116773564551.0
30600 6199624530715.0
30900 6302695991214.0
31200 6435273270495.0
31500 6555380145211.0
31800 6674588355187.0
32100 6761592398151.0
32400 6845807025393.0
32700 6928449761111.0
33000 7026941880101.0
33300 7134030278235.0
33600 7226184070836.0
33900 7316513647871.0
34200 7395010636394.0
34500 7474598710039.0
34800 7603520881129.0
35100 7769920116079.0
35400 7899023250448.0
35700 8019655872234.0
36000 8115995232864.0
36300 8204347232265.0
36600 8298815752996.0
36900 8384812042374.0
37200 8463809297037.0
37500 8541482279261.0
37800 8621896621419.0
38100 8698284564741.0
38400 8775675573099.0
38700 8852046538774.0
39000 8937378671224.0
39300 9059831074033.0
39600 9202239613318.0
39900 9342780968820.0
40200 9468553942288.0
40500 9567249813991.0
40800 9661151094803.0
41100 9757258815856.0
41400 9817700973807.0
41700 9893998810287.0
42000 9973675051439.0
42300 10051720312720.0
42600 10120965774224.0
42900 10188708786119.0
43200 10279566601135.0
43500 10376145078086.0
43800 10443094937563.0
44100 10494422919643.0
44400 10537464992134.0
44700 10579252565419.0
45000 10622342211835.0
45300 10660605311893.0
45600 10702184689122.0
45900 10737901729740.0
46200 10780776773012.0
46500 10827914646866.0
46800 10861369772829.0
47100 10930859184175.0
47400 10981105455175.0
47700 11047162187374.0
48000 11105202543844.0
48300 11173503984518.0
48600 11241792391744.0
48900 11310497449400.0
49200 11381842290968.0
49500 11434494852672.0
49800 11486705219317.0
50100 11527598127882.0
50400 11586704270353.0
50700 11632181183426.0
51000 11732875628902.0
51300 11818276900841.0
51600 11885211282942.0
51900 11954943160025.0
52200 12014159049053.0
52500 12067618990621.0
52800 12118538384457.0
53100 12171938477911.0
53400 12212197040798.0
53700 12262767938763.0
54000 12311621646032.0
54300 12371284687419.0
54600 12417327726024.0
54900 12463205714211.0
55200 12514532491701.0
