0 0
300 1442430674734.0
600 3216893051846.0
900 6223317757521.0
1200 6871383520617.0
1500 7040846923863.0
1800 7200325296619.0
2100 7454567570403.0
2400 7700266128643.0
2700 7864262880805.0
3000 7875233824228.0
3300 7875919014718.0
3600 7877458339143.0
3900 7879656102732.0
4200 7895284049299.0
4500 7913357718360.0
4800 7946905980631.0
5100 7956195962824.0
5400 7964526270286.0
5700 7965068603777.0
6000 9892820364930.0
6300 11166034949169.0
6600 11593270606513.0
6900 13226442800715.0
7200 14552083728274.0
7500 16093756832478.0
7800 16150613022045.0
8100 16201692844491.0
8400 16311344885966.0
8700 16492166622721.0
9000 16692719354260.0
9300 16959995012935.0
9600 17613841263757.0
9900 20408631041589.0
10200 20735348813645.0
10500 21132432492857.0
10800 21426380740883.0
11100 22210534297232.0
11400 22818643692857.0
11700 23378360669381.0
12000 23810111091274.0
12300 24662067168073.0
12600 25161802491799.0
12900 25904908616564.0
13200 26347977976001.0
13500 27076266310601.0
13800 27731944564605.0
14100 28143250078021.0
14400 28726543538750.0
14700 29395726600775.0
15000 30044840431932.0
15300 30521351366829.0
15600 31224750419531.0
15900 32191916855516.0
16200 32780209158851.0
16500 33198637562874.0
16800 33510789858850.0
17100 34085141592429.0
17400 34665586729392.0
17700 35734648812079.0
18000 36092724320013.0
18300 36451606081607.0
18600 36863756933943.0
18900 37864948137610.0
19200 39625386311024.0
19500 40434694381600.0
19800 41383082512656.0
20100 42678807388418.0
20400 44126049880842.0
20700 44892949360280.0
21000 47487185280242.0
21300 50737027276772.0
21600 53527773129613.0
21900 56992704803602.0
22200 59009461264702.0
22500 60042526551558.0
22800 63188370157617.0
23100 63573650687663.0
23400 64061387860455.0
23700 64543121490921.0
24000 65100836940298.0
24300 66166859075432.0
24600 67637439605848.0
24900 69259969903700.0
25200 70558746230736.0
25500 72973206479346.0
25800 80182994247354.0
26100 83815702717874.0
26400 87755481782050.0
26700 92991674936137.0
27000 97784838714728.0
27300 102609009529262.0
27600 109480758082884.0
27900 112540119211380.0
28200 114755146902192.0
28500 115974459447657.0
28800 116400298559871.0
29100 116849745038883.0
29400 117428783937713.0
29700 120639657874534.0
30000 121998031748478.0
30300 125963832736475.0
30600 126183083035683.0
30900 131815979044037.0
31200 141037270850512.0
31500 150151747778067.0
31800 155619356656749.0
32100 162344505116420.0
32400 171279302712117.0
32700 180261241429340.0
33000 189679477521698.0
33300 198224620901751.0
33600 208000470380556.0
33900 216044713464395.0
34200 225535782551841.0
34500 235357585770853.0
34800 244475683448394.0
35100 250083559001471.0
35400 254724172580804.0
35700 260203910471815.0
36000 267226582376374.0
36300 275485140473566.0
36600 281433802093906.0
36900 285760164458816.0
37200 291222090935086.0
37500 295022165401369.0
37800 298954804592647.0
38100 302973013560249.0
38400 306608285365646.0
38700 311701516061270.0
39000 316645597913251.0
39300 319583474710183.0
39600 321647906535479.0
39900 322308926152166.0
40200 323421101869690.0
40500 323830696635734.0
40800 323853297275801.0
41100 323934701251156.0
41400 323948582625662.0
41700 323965365344896.0
42000 324000321667551.0
42300 324002593891749.0
42600 324004108008502.0
42900 324004456491416.0
43200 324009111792041.0
43500 324010001469357.0
43800 324012589868478.0
44100 324013004234065.0
44400 324013271033005.0
44700 324013635093141.0
45000 324014011293153.0
45300 324014403778336.0
45600 324014669618534.0
45900 324015105619867.0
46200 324015365231077.0
46500 324015698325448.0
46800 324016172785298.0
47100 324068570218581.0
47400 324069033177817.0
47700 324069287454141.0
48000 324070297349918.0
48300 324070705897994.0
48600 324070934593727.0
48900 324071279386322.0
49200 324080150734145.0
49500 324112171779464.0
49800 324112578477719.0
50100 324114212085956.0
50400 324115509434240.0
50700 324118021480436.0
51000 324139844960124.0
51300 324340517601157.0
51600 324951216459214.0
51900 325481151363114.0
52200 326833165611540.0
52500 329629380444727.0
52800 332518345840574.0
53100 336663719401156.0
53400 344454826829192.0
53700 350685694492388.0
54000 357951227643794.0
54300 365394572397677.0
54600 373820033231332.0
54900 389552959296160.0
55200 402660747088484.0
55500 414756420512398.0
55800 428785694135654.0
56100 439200934810115.0
56400 447444391314744.0
56700 456300879622460.0
57000 463681101063194.0
57300 472485085415031.0
57600 482385963343825.0
57900 488610725785899.0
58200 498285247583930.0
58500 504573239204915.0
58800 507546196514130.0
59100 509766714767798.0
59400 512527563478256.0
59700 514325112378730.0
60000 515952453696870.0
60300 516978486817788.0
60600 519658838384350.0
60900 522953651711745.0
61200 526741451330275.0
61500 529251463081707.0
61800 533121333718867.0
62100 535606742787361.0
62400 537300866338626.0
62700 539731548614738.0
63000 541084097879439.0
63300 544060217006321.0
63600 546552473476527.0
63900 548656134839874.0
64200 550555709664375.0
64500 553262280041159.0
64800 556539116851925.0
65100 560372565624971.0
65400 565450973728638.0
65700 570658531110035.0
66000 576542932036552.0
66300 581630467291342.0
66600 588707639114645.0
66900 598876635601376.0
67200 604398012749381.0
67500 606916933317208.0
67800 611212276180763.0
68100 615406185094917.0
68400 619030684527025.0
68700 620907637331565.0
69000 625761839147294.0
69300 628393530042655.0
69600 629025598583360.0
69900 629204555490499.0
70200 629268995076872.0
70500 630410290255263.0
70800 630984848086427.0
71100 631205610520692.0
71400 633165387292460.0
71700 638760440377286.0
72000 642847970820417.0
72300 647835699627185.0
72600 655778669788588.0
72900 662634065840688.0
73200 671930027505204.0
73500 679898983259002.0
73800 686375387687297.0
74100 695943746008146.0
74400 702733941962704.0
74700 705669403853285.0
75000 711652126820770.0
75300 713373444095955.0
75600 714187244476646.0
75900 715572182284260.0
76200 718579485430154.0
76500 720406651136058.0
76800 722652952053573.0
77100 726399012192294.0
77400 735049694690283.0
77700 736348929356907.0
78000 737426501963910.0
78300 739090612538059.0
78600 742182389496699.0
78900 745127296836649.0
79200 749203439711864.0
79500 751228113631931.0
79800 751806857987614.0
80100 752293260042055.0
80400 752403428022422.0
80700 752548500984938.0
81000 755052461431912.0
81300 758306713090312.0
81600 758548506553963.0
81900 763783527556193.0
82200 772537689144978.0
82500 780920621728120.0
82800 783468927892286.0
83100 787431178459702.0
83400 791522938022327.0
83700 793371820050669.0
84000 798352061851247.0
84300 806709815598428.0
84600 815654312384576.0
84900 820825201118448.0
85200 827048234497155.0
85500 836881157252158.0
85800 849006538810851.0
86100 854511663640700.0
86400 857255177709073.0
86700 858564215565840.0
