0 0
300 7036204898272.0
600 15268885689735.0
900 22114680735649.0
1200 28792084316568.0
1500 36307923947667.0
1800 42141287687630.0
2100 47328152551909.0
2400 52491748079667.0
2700 58497002529074.0
3000 62994933165783.0
3300 67864943920577.0
3600 72586403453422.0
3900 77527522710999.0
4200 83525985516273.0
4500 90028339060948.0
4800 95711465101705.0
5100 101760196730985.0
5400 106738821855222.0
5700 111775773285304.0
6000 116257106109934.0
6300 120468672719768.0
6600 124930188897545.0
6900 129876519668061.0
7200 133970929165678.0
7500 137849849607767.0
7800 141952347821393.0
8100 145678452009384.0
8400 150980490440088.0
8700 155733670045782.0
9000 164426288875563.0
9300 169620257068474.0
9600 173925545929635.0
9900 177165008066955.0
10200 180498118345823.0
10500 185198955570169.0
10800 189706367734547.0
11100 192231054587953.0
11400 195153601298450.0
11700 198344824933522.0
12000 201120170107139.0
12300 204222176061158.0
12600 207666728268287.0
12900 212185910336948.0
13200 214322472998007.0
13500 216212387899654.0
13800 217948488099677.0
14100 220467091633574.0
14400 222541501622220.0
14700 224297328875842.0
15000 226343122990860.0
15300 228646054439746.0
15600 232065872797422.0
15900 233847909074452.0
16200 235572376817064.0
16500 236959977889938.0
16800 238494654208940.0
17100 239953056993878.0
17400 242349907872250.0
17700 245022552387643.0
18000 246490282764792.0
18300 249090440097518.0
18600 250328233603659.0
18900 251750991999648.0
19200 253511446940306.0
19500 255037745500852.0
19800 257387468632653.0
20100 260765388036497.0
20400 263876097845751.0
20700 267027817719656.0
21000 268828693839774.0
21300 270136512301597.0
21600 271369560383523.0
21900 272641558581339.0
22200 273749812338757.0
22500 275016538985591.0
22800 276561802719321.0
23100 278126613155527.0
23400 279819606197531.0
23700 281051099884002.0
24000 282045422159465.0
24300 283269748200537.0
24600 284627130429234.0
24900 285587205126932.0
25200 286672434806693.0
25500 287736445584678.0
25800 288918723102596.0
26100 290203358479827.0
26400 291358017839322.0
26700 292561792004130.0
27000 293625975481879.0
27300 295097092230580.0
27600 296186653372914.0
27900 299178132206722.0
28200 303300528019443.0
28500 311397584465609.0
28800 315292113719855.0
29100 316338333856981.0
29400 317580376845670.0
29700 318593561916119.0
30000 320237987560839.0
30300 321464124299092.0
30600 322759547948004.0
30900 323751679046371.0
31200 324760377129942.0
31500 325776332071025.0
31800 327100820555588.0
32100 327992722130431.0
32400 329045947176286.0
32700 330130373289260.0
33000 331094718717049.0
33300 332391494237651.0
33600 336808678537012.0
33900 342720475319679.0
34200 344535404202802.0
34500 345719292853096.0
34800 346765643513920.0
35100 347828335084804.0
35400 348991785553793.0
35700 350534726850454.0
36000 351532931586342.0
36300 352261736160936.0
36600 353082393327801.0
36900 354203651941446.0
37200 355056967490186.0
37500 355990222655613.0
37800 357925093491153.0
38100 358890833642261.0
38400 359871185281209.0
38700 361985438636470.0
39000 362640330023276.0
39300 363434252424105.0
39600 364243230087767.0
39900 364847035120737.0
40200 365392610076425.0
40500 366006429340062.0
40800 367279815009289.0
41100 368076366952123.0
41400 368733657552555.0
41700 369820123932585.0
42000 370424971354837.0
42300 371562707173153.0
42600 372056780099189.0
42900 372693273349736.0
43200 373201162417116.0
43500 373760425141123.0
43800 374191193065049.0
44100 374713567071193.0
44400 376037671850937.0
44700 377034734070967.0
45000 378302457742510.0
45300 378848315924147.0
45600 379808563592517.0
45900 380511455336330.0
46200 468128574130820.0
46500 763239136337588.0
46800 1127692763222040.0
47100 1528069973468497.0
47400 1916448180463341.0
47700 2318685840311874.0
48000 2499400603988028.0
48300 2515601681834316.0
48600 2529961780724611.0
48900 2544504841091944.0
49200 2559129506416606.0
49500 2573638057727600.0
49800 2587895758028904.0
50100 2600763972144030.0
50400 2612902697782771.0
50700 2626059476698309.0
51000 2639149266975295.0
51300 2647315021083936.0
51600 2657322806109306.0
51900 2662240650619912.0
52200 2663871964885423.0
52500 2665724215433759.0
52800 2667710064198758.0
53100 2669538371466880.0
53400 2671876634775202.0
53700 2674331281788770.0
54000 2676724733538827.0
54300 2679104601246552.0
54600 2681208519674513.0
54900 2683058416443952.0
55200 2685875676915363.0
55500 2687639240100892.0
55800 2689651225894797.0
56100 2691915645309246.0
56400 2693903038070611.0
56700 2696087515317218.0
57000 2698335253853600.0
57300 2700287370461672.0
57600 2702330078905232.0
57900 2704555381872286.0
58200 2706720371438756.0
58500 2709074657568100.0
58800 2712085809199377.0
59100 2715483776222208.0
59400 2718529233498521.0
59700 2721901865536112.0
60000 2725132407825485.0
60300 2727847118900535.0
60600 2731936692495993.0
60900 2736853597813345.0
61200 2741281449104917.0
61500 2747821196394645.0
61800 2753820282448956.0
62100 2758317676740423.0
62400 2764394762591286.0
62700 2770677006213862.0
63000 2777069614054755.0
63300 2782332142672265.0
63600 2787931360827300.0
63900 2792883854373403.0
64200 2798080085245030.0
64500 2803880130527552.0
64800 2808963955464260.0
65100 2813660096691433.0
65400 2819836861244983.0
65700 2825785967212998.0
66000 2832975824111404.0
66300 2839614919721684.0
66600 2849023688211630.0
66900 2857568319903321.0
67200 2864754787604602.0
67500 2871952162546490.0
67800 2879212485184364.0
68100 2887871648474754.0
68400 2895233333372953.0
68700 2904096469740917.0
69000 2913978556983986.0
69300 2924076715904652.0
69600 2935697950622356.0
69900 2945447936588898.0
70200 2954094542962071.0
70500 2962772980802843.0
70800 2970890204130113.0
71100 2978772129846188.0
71400 2985931343484064.0
71700 2994107488522310.0
72000 3001758599210115.0
72300 3011088157791892.0
72600 3020650005347217.0
72900 3029022431007781.0
73200 3037940505423430.0
73500 3045363595208773.0
73800 3051912924078441.0
74100 3058052395642113.0
74400 3063541551787224.0
74700 3069011566891224.0
75000 3074245799775190.0
75300 3080548603039512.0
75600 3092678437077772.0
75900 3098762044777826.0
76200 3105414742348284.0
76500 3111250331735632.0
76800 3117973330970881.0
77100 3124670362561263.0
77400 3133057416896753.0
77700 3138644525323892.0
78000 3143930341780604.0
78300 3148852096445811.0
78600 3154934480273099.0
78900 3161037123370851.0
79200 3166148179226010.0
79500 3172382000010450.0
79800 3179258639546312.0
80100 3187305060327149.0
80400 3194516172093050.0
80700 3201495281428184.0
81000 3209420033418208.0
81300 3216149780608515.0
81600 3222857157762330.0
81900 3229321405852407.0
82200 3234921820391174.0
82500 3242029537319782.0
82800 3249179257322686.0
83100 3256131525099840.0
83400 3262354255136431.0
83700 3268960309839511.0
84000 3276267186210333.0
84300 3283658115516975.0
84600 3289320093807056.0
84900 3296668852817586.0
85200 3302837982628888.0
85500 3308717508722966.0
85800 3314358464900726.0
86100 3320770223751669.0
86400 3326059196640417.0
86700 3334810615733497.0
87000 3337559634593278.0
