0 0
300 13585820659.0
600 28651089983.0
900 43606483883.0
1200 53579287731.0
1500 63639267209.0
1800 70035602890.0
2100 87698187041.0
2400 103346312173.0
2700 111623890788.0
3000 122383258056.0
3300 141391582710.0
3600 151115977886.0
3900 157825315998.0
4200 165968095351.0
4500 171939157565.0
4800 184416968728.0
5100 189540310530.0
5400 196907806873.0
5700 206572810346.0
6000 213172206308.0
6300 227342432992.0
6600 237572941527.0
6900 252643457374.0
7200 263333859806.0
7500 267935276683.0
7800 275497217403.0
8100 280945378524.0
8400 289686341010.0
8700 301935561029.0
9000 310607747332.0
9300 315933723178.0
9600 321466991044.0
9900 330023504375.0
10200 340135527411.0
10500 359840969446.0
10800 372755923703.0
11100 380596650579.0
11400 386395866872.0
11700 393770698995.0
12000 399360943674.0
12300 409400321112.0
12600 418736354592.0
12900 425309089743.0
13200 429787453150.0
13500 432795363207.0
13800 437143947402.0
14100 448612716860.0
14400 453836275339.0
14700 458171914937.0
15000 462187157463.0
15300 464088691220.0
15600 466781152930.0
15900 471287861386.0
16200 476754210823.0
16500 483449633178.0
16800 492356787970.0
17100 497573706427.0
17400 500857775640.0
17700 509493981318.0
18000 514116163921.0
18300 517861193667.0
18600 521353862201.0
18900 524559943237.0
19200 527907384096.0
19500 532377115657.0
19800 536324968602.0
20100 540133440863.0
20400 543671348969.0
20700 544409739849.0
21000 548107282826.0
21300 555110586990.0
21600 559732236446.0
21900 564086395654.0
22200 566089217740.0
22500 568099145731.0
22800 571103647106.0
23100 573741197541.0
23400 577136855767.0
23700 579957821551.0
24000 581303118653.0
24300 583218036975.0
24600 585596184811.0
24900 589578604101.0
25200 593864311437.0
25500 597298382966.0
25800 600003442025.0
26100 602101637667.0
26400 605751004528.0
26700 607991438717.0
27000 610937224827.0
27300 614828940703.0
27600 616118345913.0
27900 617976261963.0
28200 619563630215.0
28500 623738633694.0
28800 629096003091.0
29100 632363552012.0
29400 634687866543.0
29700 638220914024.0
30000 640711118481.0
30300 643527613358.0
30600 646946131024.0
30900 650391531124.0
31200 653400363618.0
31500 655035099081.0
31800 657794721255.0
32100 663086993580.0
32400 668214377734.0
32700 671253279040.0
33000 675738730133.0
33300 678750990957.0
33600 681210176479.0
33900 685150518165.0
34200 688304511593.0
34500 690769438763.0
34800 695799404948.0
35100 701452179277.0
35400 705259996516.0
35700 711634616543.0
36000 718489530019.0
36300 722458885019.0
36600 726870317347.0
36900 731235585061.0
37200 735197153142.0
37500 740140327777.0
37800 745972951317.0
38100 749922835798.0
38400 756852091677.0
38700 768927199596.0
39000 774186146852.0
39300 780734890962.0
39600 786529208056.0
39900 791871527157.0
40200 798062659073.0
40500 804546717144.0
40800 810221083361.0
41100 813878855268.0
41400 822202053684.0
41700 829828762056.0
42000 837024236256.0
42300 846733748560.0
42600 854515477878.0
42900 866219425483.0
43200 873493655488.0
43500 879236200957.0
43800 885069617305.0
44100 889930676931.0
44400 896881324930.0
44700 906319479983.0
45000 916485842020.0
45300 924534132133.0
45600 929883806486.0
45900 935820241013.0
46200 944699632455.0
46500 954373362075.0
46800 963448781035.0
47100 969801584419.0
47400 976906810632.0
47700 986725922723.0
48000 994361247923.0
48300 1002328424099.0
48600 1009490808793.0
48900 1018237192830.0
49200 1026895744548.0
49500 1033992246338.0
49800 1044764230303.0
50100 1055300022125.0
50400 1066487363225.0
50700 1074042930379.0
51000 1080925480599.0
51300 1090222666208.0
51600 1168780690992.0
51900 1180247952805.0
52200 1192994603844.0
52500 1203068059925.0
52800 1214138869987.0
53100 1225653582695.0
53400 1245607716745.0
53700 1255403085894.0
54000 1266554792195.0
54300 1275085163258.0
54600 1285360798026.0
54900 1295873580905.0
55200 1314433964688.0
55500 1323381492165.0
55800 1333200910088.0
56100 1349234039841.0
56400 1364736613455.0
56700 1378573076372.0
57000 1388741786627.0
57300 1401007320125.0
57600 1410203401216.0
57900 1420517309598.0
58200 1432249839138.0
58500 1446396008748.0
58800 1458922825216.0
59100 1468320085277.0
59400 1480793253466.0
59700 1492636207277.0
60000 1500292211678.0
60300 1511885615132.0
60600 1522877470906.0
60900 1534747226449.0
61200 1544600533733.0
61500 1556424640842.0
61800 1568617892414.0
62100 1582747565927.0
62400 1593114409790.0
62700 1603516335653.0
63000 1619195057541.0
63300 1636024733023.0
63600 1649222014413.0
63900 1664662201834.0
64200 1685982177078.0
64500 1709232449926.0
64800 1722526971365.0
65100 1731707919359.0
65400 1745385955282.0
65700 1756002196878.0
66000 1767392123227.0
66300 1782122681570.0
66600 1796904720819.0
66900 1811310110654.0
67200 1820201814725.0
67500 1842204356717.0
67800 1865121148601.0
68100 1885671122566.0
68400 1899218329959.0
68700 1906575681800.0
69000 1921132772539.0
69300 1931594746272.0
69600 1947037997864.0
69900 1961845762549.0
70200 1971565937023.0
70500 1985176907336.0
70800 1998351647645.0
71100 2017976202733.0
71400 2034482969051.0
71700 2048790473476.0
72000 2059480898874.0
72300 2068307542350.0
72600 2081837313845.0
72900 2094230697372.0
73200 2104656835034.0
73500 2117036515771.0
73800 2127501840399.0
74100 2138642571857.0
74400 2147841428959.0
74700 2162734089167.0
75000 2177092500825.0
75300 2189526906759.0
75600 2203035206629.0
75900 2216278071534.0
76200 2227997777940.0
76500 2239466294181.0
76800 2250724661895.0
77100 2261435596176.0
77400 2273439916329.0
77700 2286433939786.0
78000 2297158198168.0
78300 2311652674894.0
78600 2325826741682.0
78900 2341148870548.0
79200 2352665189640.0
79500 2359708311879.0
79800 2372486521257.0
80100 2383885459140.0
80400 2398053601164.0
80700 2409222307703.0
81000 2421134964829.0
81300 2433044327833.0
81600 2443529994481.0
81900 2458785667120.0
82200 2476896125446.0
82500 2492856673903.0
82800 2502818595096.0
83100 2513969680046.0
83400 2527988699572.0
83700 2542661287820.0
84000 2555143754696.0
84300 2562494938664.0
84600 2572470924014.0
84900 2582221330031.0
85200 2589251365148.0
85500 2598270016123.0
85800 2609256276055.0
86100 2620648593183.0
86400 2630271051120.0
86700 2633599034279.0
