0 0
300 56644343041.0
600 93092016103.0
900 112194704186.0
1200 132297374146.0
1500 145982107734.0
1800 161017911540.0
2100 176454139245.0
2400 191283730029.0
2700 207439738025.0
3000 223087407049.0
3300 236858956804.0
3600 252214547085.0
3900 268602982141.0
4200 283296814239.0
4500 296072166809.0
4800 308659281828.0
5100 320018932055.0
5400 332961859089.0
5700 346198621714.0
6000 357015847557.0
6300 366870557448.0
6600 377335368427.0
6900 387620133228.0
7200 396864061707.0
7500 406896831193.0
7800 416232624762.0
8100 424257177802.0
8400 432981306132.0
8700 440934345554.0
9000 449176085451.0
9300 459378040963.0
9600 468490250735.0
9900 476218535032.0
10200 484392004572.0
10500 492321639547.0
10800 502193584163.0
11100 548485949271.0
11400 558911184559.0
11700 568432563302.0
12000 580849205995.0
12300 589301858237.0
12600 602577400345.0
12900 612659082373.0
13200 621079066768.0
13500 629337847945.0
13800 640276432857.0
14100 647473305163.0
14400 652642806101.0
14700 658682643200.0
15000 664481203045.0
15300 669268492305.0
15600 675021000755.0
15900 679270853540.0
16200 683836807094.0
16500 688860069985.0
16800 693047472966.0
17100 699353120135.0
17400 703502054110.0
17700 708608446056.0
18000 712873137822.0
18300 716862553462.0
18600 721409211601.0
18900 725156203041.0
19200 728693111475.0
19500 731858568268.0
19800 735380216557.0
20100 738999140069.0
20400 742026217170.0
20700 745134310404.0
21000 748464637849.0
21300 752006012289.0
21600 755622499128.0
21900 759640430363.0
22200 762318998730.0
22500 766284243689.0
22800 769528935345.0
23100 772068870640.0
23400 775281705469.0
23700 779166535360.0
24000 782774375106.0
24300 785724717853.0
24600 788706788900.0
24900 792068550992.0
25200 794798876687.0
25500 798544476288.0
25800 801443355972.0
26100 804962237181.0
26400 808496151540.0
26700 811809244471.0
27000 816104045467.0
27300 819583722717.0
27600 823158978448.0
27900 828080992659.0
28200 832235335893.0
28500 839950257978.0
28800 844179379616.0
29100 850049469749.0
29400 855191634520.0
29700 862870636876.0
30000 867534178887.0
30300 872610547532.0
30600 878878780721.0
30900 885332966477.0
31200 892543625594.0
31500 899164391582.0
31800 906516657113.0
32100 914212270805.0
32400 921079288503.0
32700 931323276399.0
33000 940899606677.0
33300 948959839065.0
33600 956443952137.0
33900 964367267543.0
34200 973005301767.0
34500 982324267484.0
34800 990663698566.0
35100 999509119617.0
35400 1010009774810.0
35700 1019535058055.0
36000 1028407820281.0
36300 1039199943597.0
36600 1048690001982.0
36900 1058481404845.0
37200 1067667798657.0
37500 1077438886600.0
37800 1087857745224.0
38100 1100019828977.0
38400 1110613599605.0
38700 1121123003731.0
39000 1138269606533.0
39300 1151072104344.0
39600 1162071559279.0
39900 1173895952968.0
40200 1184983676624.0
40500 1196852435308.0
40800 1207516211714.0
41100 1218157632786.0
41400 1229172989880.0
41700 1244098913083.0
42000 1255244409088.0
42300 1267345962287.0
42600 1283783140962.0
42900 1299467884985.0
43200 1311558682251.0
43500 1325405973198.0
43800 1337961566533.0
44100 1350958646110.0
44400 1362953352875.0
44700 1374593101784.0
45000 1386718520178.0
45300 1400302789815.0
45600 1412342149358.0
45900 1429220021600.0
46200 1440826105264.0
46500 1455437889014.0
46800 1467369920676.0
47100 1482530516274.0
47400 1496636833206.0
47700 1511818605350.0
48000 1524437303933.0
48300 1537535464399.0
48600 1551633577211.0
48900 1567864677740.0
49200 1580414346200.0
49500 1594397330898.0
49800 1606845743419.0
50100 1621607630258.0
50400 1634184781286.0
50700 1650475242127.0
51000 1664111374712.0
51300 1678398930222.0
51600 1691632173861.0
51900 1713564088066.0
52200 2283102862195.0
52500 2461676437667.0
52800 2477499493601.0
53100 2499391593456.0
53400 2514591143107.0
53700 2546470214139.0
54000 2560564785353.0
54300 2577515100835.0
54600 2593697277934.0
54900 2610854414050.0
55200 2625849681637.0
55500 2640830640426.0
55800 2655655590243.0
56100 2673357300553.0
56400 2688444169259.0
56700 2703566929230.0
57000 2718564614965.0
57300 2737783311082.0
57600 2752872040288.0
57900 2772647568480.0
58200 2787548645040.0
58500 2802831426827.0
58800 2818712517401.0
59100 2833654361680.0
59400 2851442771080.0
59700 2870968829263.0
60000 2887571896114.0
60300 2904944743011.0
60600 2920098320220.0
60900 2936128631249.0
61200 2951510509369.0
61500 2970332488128.0
61800 2986946835324.0
62100 3003352240343.0
62400 3019565581434.0
62700 3034500391262.0
63000 3051357496149.0
63300 3069962206677.0
63600 3086271616164.0
63900 3104301153771.0
64200 3120497756672.0
64500 3138800015701.0
64800 3155526146232.0
65100 3174587353081.0
65400 3192390272935.0
65700 3210440771698.0
66000 3226380207189.0
66300 3243001340007.0
66600 3260261172882.0
66900 3279913646011.0
67200 3309944653324.0
67500 3328354163856.0
67800 3344736179960.0
68100 3362116361778.0
68400 3380590756986.0
68700 3399244814289.0
69000 3414776114594.0
69300 3433478586589.0
69600 3452164841229.0
69900 3469239968983.0
70200 3486091755353.0
70500 3506363793958.0
70800 3522336742445.0
71100 3550539247975.0
71400 3567368983416.0
71700 3591704401318.0
72000 3609587956608.0
72300 3632358366841.0
72600 3650136849846.0
72900 3668592633608.0
73200 3686245317677.0
73500 3703028642339.0
73800 3722643491575.0
74100 3743026296783.0
74400 3761331526372.0
74700 3778395977386.0
75000 3795803326856.0
75300 3820788117980.0
75600 3844033244837.0
75900 3868161404694.0
76200 3888819192027.0
76500 3907357968410.0
76800 3923558512056.0
77100 3940456433929.0
77400 3959745471783.0
77700 3981209944280.0
78000 3999502796327.0
78300 4020340915983.0
78600 4037109834364.0
78900 4055570139996.0
79200 4071924577933.0
79500 4092708873218.0
79800 4110883610133.0
80100 4128904876780.0
80400 4145917897753.0
80700 4163251382026.0
81000 4184861758458.0
81300 4202091944429.0
81600 4217866787011.0
81900 4236929588901.0
82200 4254067379859.0
82500 4272803478734.0
82800 4293011233349.0
83100 4313185944139.0
83400 4329729302820.0
83700 4346411377429.0
84000 4367011530777.0
84300 4380679555514.0
84600 4397345117549.0
84900 4412134535326.0
85200 4425128965015.0
85500 4440594862240.0
85800 4453156053021.0
86100 4469715432515.0
86400 4488667521505.0
86700 4499170747863.0
