0 0
300 6955312953164.0
600 15216490011421.0
900 25222832004924.0
1200 35152371791516.0
1500 43572554242152.0
1800 53381562248596.0
2100 63437094396429.0
2400 72701937076158.0
2700 80701954878334.0
3000 89438455721733.0
3300 98508597373132.0
3600 110195221811803.0
3900 121163618376090.0
4200 131024247805159.0
4500 143358592554875.0
4800 154362884475507.0
5100 167388951186593.0
5400 177819135090786.0
5700 192132113922335.0
6000 209017998973957.0
6300 245147641118039.0
6600 267151976020171.0
6900 293326068444592.0
7200 312115719711013.0
7500 341720029649728.0
7800 361276576487430.0
8100 390130969594163.0
8400 496697782388061.0
8700 662831377946460.0
9000 959240394209017.0
9300 1207318740126572.0
9600 1550308810149161.0
9900 1710064390156018.0
10200 1739422746867729.0
10500 1766921575803021.0
10800 1784041780600295.0
11100 1806209044047467.0
11400 1871869341478813.0
11700 1929696633353286.0
12000 1972173854346386.0
12300 2004617533049108.0
12600 2030787630761400.0
12900 2058625328317703.0
13200 2078162127261970.0
13500 2135228489799853.0
13800 2164276091211157.0
14100 2184020171017966.0
14400 2202719964739593.0
14700 2228655646825273.0
15000 2243243594571798.0
15300 2262181339676866.0
15600 2271709597082366.0
15900 2281667818856621.0
16200 2291742769782863.0
16500 2301262109189426.0
16800 2310399610658441.0
17100 2326626355500711.0
17400 2352940063130242.0
17700 2592510696981133.0
18000 2974269532580599.0
18300 3000404592664331.0
18600 3072707907119871.0
18900 3090316994504626.0
19200 3114617031100066.0
19500 3129352098110642.0
19800 3143379922294508.0
20100 3152629762024236.0
20400 3159468345728367.0
20700 3165904112149488.0
21000 3172571229879326.0
21300 3181574041125846.0
21600 3206016639849264.0
21900 3250499807760373.0
22200 3402219764277404.0
22500 3568553648942811.0
22800 3605463635298062.0
23100 3665443310422838.0
23400 3680675115404095.0
23700 3691571656037112.0
24000 3702412499564114.0
24300 3712921672569644.0
24600 3740805421410622.0
24900 3752962283519705.0
25200 3768103866679055.0
25500 3781275256580782.0
25800 3811826297208134.0
26100 3829982391092423.0
26400 3847129982323448.0
26700 3859765950656741.0
27000 3888003374243808.0
27300 3923967708175408.0
27600 3936999202980803.0
27900 3956182414725208.0
28200 4005188222295989.0
28500 4029784791649889.0
28800 4067882758485281.0
29100 4085119853585007.0
29400 4126082482204572.0
29700 4147817330847235.0
30000 4181431494381563.0
30300 4333512623671450.0
30600 4536149320850699.0
30900 4602656389384893.0
31200 4758394159962430.0
31500 5179601297316728.0
31800 5207673261591323.0
32100 5234736468888370.0
32400 5254059704829423.0
32700 5276469491503557.0
33000 5711091990055386.0
33300 5737818588843836.0
33600 5763213648470469.0
33900 5781170984900325.0
34200 5802563607866847.0
34500 5813531045619960.0
34800 5832150954350648.0
35100 5847400323337984.0
35400 5867304437056191.0
35700 5910510688015096.0
36000 5922529899801139.0
36300 5932006345660377.0
36600 5940197221372278.0
36900 5949800928719593.0
37200 5958160722791958.0
37500 5969161157655084.0
37800 5980667560469399.0
38100 5986822937241610.0
38400 5993217674064506.0
38700 6001604171319111.0
39000 6137679819392944.0
39300 6372602251914098.0
39600 7087682949902923.0
39900 7600677994955991.0
40200 7617412873971427.0
40500 7631351911988361.0
40800 7694876651816379.0
41100 7709567082139356.0
41400 7726998182644673.0
41700 7733768614308820.0
42000 7737944103812460.0
42300 7742848671426896.0
42600 7748428126173309.0
42900 7756173147824555.0
43200 7763123989058031.0
43500 7770500842131251.0
43800 8054434141994233.0
44100 8091714725962982.0
44400 8466609937885318.0
44700 8483886133414419.0
45000 8489072695682579.0
45300 8497679614831272.0
45600 8503464668234572.0
45900 8517416870279485.0
46200 8525587449018310.0
46500 8534665245182670.0
46800 8540844664760900.0
47100 8547065000330205.0
47400 8556877049504032.0
47700 8568180567810879.0
48000 8583101220260605.0
48300 8599087935331863.0
48600 8856065237091201.0
48900 8890690362103703.0
49200 8919686190000383.0
49500 8927806097754818.0
49800 8935128302459776.0
50100 8941421773753916.0
50400 8947066849315136.0
50700 8954984443531357.0
51000 8970303690862629.0
51300 8983029088073971.0
51600 8998377474954659.0
51900 9023775793311332.0
52200 9032751988026128.0
52500 9044933698683764.0
52800 9055168646033740.0
53100 9079979913538704.0
53400 9130160574068408.0
53700 9160211331204616.0
54000 9172998038235332.0
54300 9214725715686336.0
54600 9278456025915752.0
54900 9283905014445250.0
55200 9289742498851092.0
55500 9296423095616564.0
55800 9317158768308088.0
56100 9967118669773564.0
56400 9998937782012400.0
56700 1.0018425934105612e+16
57000 1.0074848659872336e+16
57300 1.0093449705212464e+16
57600 1.0570814558081236e+16
57900 1.139532208179874e+16
58200 1.1693528986883304e+16
58500 1.2600437226989138e+16
58800 1.2963693144274024e+16
59100 1.2970128595708712e+16
59400 1.29834446368821e+16
59700 1.3163444039778164e+16
60000 1.3174593449612644e+16
60300 1.3179134256611832e+16
60600 1.3202476699048852e+16
60900 1.3281929217584144e+16
61200 1.3329367796279482e+16
61500 1.3408540069054336e+16
61800 1.3454050479009096e+16
62100 1.3602103218688698e+16
62400 1.3650088699906616e+16
62700 1.3857320026414252e+16
63000 1.3891796870649692e+16
63300 1.407106442573958e+16
63600 1.4107665839115828e+16
63900 1.4112474164896238e+16
64200 1.4126901600080744e+16
64500 1.4134190627250076e+16
64800 1.4137291709518152e+16
65100 1.4151008405395802e+16
65400 1.4159719574377288e+16
65700 1.4165996705779028e+16
66000 1.4170509665752436e+16
66300 1.4174573548369504e+16
66600 1.4181396536969136e+16
66900 1.419256749810229e+16
67200 1.4211831280754796e+16
67500 1.4462604678858816e+16
67800 1.4550875191643302e+16
68100 1.5035194349842222e+16
68400 1.5162594436317204e+16
68700 1.5185924895386912e+16
69000 1.5214324912060488e+16
69300 1.5235711161159094e+16
69600 1.5258722882797282e+16
69900 1.5272414762707248e+16
70200 1.5292720296056178e+16
70500 1.5305787283521622e+16
70800 1.5338102951624264e+16
71100 1.5383997308798486e+16
71400 1.5457398433921094e+16
71700 1.5481312000768316e+16
72000 1.554056134456452e+16
72300 1.5882577351643556e+16
72600 1.63345809582224e+16
72900 1.7257840421351772e+16
73200 1.7572668907637624e+16
73500 1.779946754945262e+16
73800 1.811784589437458e+16
74100 1.8224579762141696e+16
74400 1.843697292433222e+16
74700 1.8471952343388936e+16
75000 1.8625475624220824e+16
75300 1.9146570377417268e+16
75600 1.9355912862428684e+16
75900 1.952977502360499e+16
76200 1.9551441060846936e+16
76500 1.9592753405889664e+16
76800 1.9843815507065264e+16
77100 2.0227550490170844e+16
77400 2.1121612566606804e+16
77700 2.1831497201480696e+16
78000 2.2307141721820816e+16
78300 2.2874537273760548e+16
78600 2.307324893065521e+16
78900 2.3102054618176812e+16
79200 2.314062667180559e+16
79500 2.3161099098411628e+16
79800 2.339640398917388e+16
80100 2.343857059840576e+16
80400 2.3618787606250504e+16
80700 2.3791897038236124e+16
81000 2.3865129896472724e+16
81300 2.399467665077307e+16
81600 2.4295989014511308e+16
81900 2.432261883042883e+16
82200 2.4860953857393376e+16
82500 2.562633283146946e+16
82800 2.585597779313402e+16
83100 2.617966028359925e+16
83400 2.627565622489464e+16
83700 2.6286192851121452e+16
84000 2.6301845639929704e+16
84300 2.6313039156410676e+16
84600 2.6365393768036268e+16
84900 2.638144038922704e+16
85200 2.6396394042538204e+16
85500 2.6405587667480052e+16
85800 2.645246328419139e+16
86100 2.6461316032358956e+16
86400 2.648102260651612e+16
86700 2.648726898505012e+16
