0 0
300 1480487500.0
600 2882012177.0
900 16429508735.0
1200 17468751909.0
1500 19541689445.0
1800 20777295240.0
2100 23702668109.0
2400 32397936721.0
2700 37681084416.0
3000 42766453403.0
3300 47961833051.0
3600 57782942646.0
3900 84045849939.0
4200 85744693033.0
4500 88505571528.0
4800 90616310490.0
5100 92396263257.0
5400 94556458850.0
5700 95721451003.0
6000 97465281043.0
6300 112063168112.0
6600 114162346265.0
6900 121392651835.0
7200 152560670445.0
7500 156677015268.0
7800 217148480434.0
8100 231309428103.0
8400 238821582167.0
8700 246312309578.0
9000 262345265758.0
9300 271343902423.0
9600 273612916440.0
9900 274277730597.0
10200 275005957030.0
10500 277029868053.0
10800 279803695436.0
11100 283570263282.0
11400 289240039290.0
11700 290989695650.0
12000 292820361375.0
12300 295107919935.0
12600 296838975196.0
12900 297726164972.0
13200 307523410003.0
13500 308690007428.0
13800 310297790663.0
14100 312559501059.0
14400 312997813460.0
14700 322965699534.0
15000 326138974548.0
15300 331957562835.0
15600 332886682547.0
15900 334205324861.0
16200 334830647631.0
16500 335845384411.0
16800 338140369823.0
17100 338945587675.0
17400 339720374078.0
17700 340895437517.0
18000 344546885404.0
18300 421104186901.0
18600 424273856324.0
18900 428414154753.0
19200 433064898139.0
19500 433828143887.0
19800 434436491257.0
20100 438574340286.0
20400 448151182258.0
20700 448866352809.0
21000 449990665653.0
21300 451025669650.0
21600 452445707668.0
21900 458357311222.0
22200 460247564854.0
22500 466862442734.0
22800 527978628598.0
23100 530601085209.0
23400 532035222607.0
23700 535516756854.0
24000 536875440656.0
24300 537333306140.0
24600 539923179068.0
24900 544467508464.0
25200 545434163925.0
25500 554232365720.0
25800 563394220163.0
26100 578072889144.0
26400 597642563314.0
26700 602755688757.0
27000 603454895053.0
27300 604418660788.0
27600 611362966626.0
27900 614234529423.0
28200 615035847353.0
28500 616714610454.0
28800 617526732251.0
29100 625382538243.0
29400 628014114292.0
29700 629831989611.0
30000 643891849684.0
30300 647613331560.0
30600 648158952211.0
30900 650343289775.0
31200 651322718239.0
31500 655758660402.0
31800 658752027123.0
32100 659551155695.0
32400 660443452671.0
32700 664248118013.0
33000 672251366461.0
33300 674883726145.0
33600 675463219264.0
33900 700522191560.0
34200 702689287053.0
34500 703279989476.0
34800 705194893578.0
35100 718525636442.0
35400 724498782937.0
35700 732220412157.0
36000 744006355008.0
36300 748630593666.0
36600 751665135530.0
36900 760251448861.0
37200 762143696100.0
37500 764068115856.0
37800 770356620630.0
38100 772078444645.0
38400 773163151202.0
38700 777563706727.0
39000 779146625504.0
39300 779759348005.0
39600 790976436343.0
39900 794168968989.0
40200 796384871212.0
40500 800004806575.0
40800 803655212719.0
41100 805380967754.0
41400 809369440676.0
41700 811112820896.0
42000 812397545836.0
42300 814409097107.0
42600 820715503430.0
42900 822208989545.0
43200 825280442540.0
43500 834872944120.0
43800 839592271137.0
44100 843406262860.0
44400 848604916233.0
44700 849956607948.0
45000 852038030983.0
45300 853124808639.0
45600 864666058096.0
45900 888248326858.0
46200 889697193165.0
46500 890091970586.0
46800 891156453544.0
47100 896002363575.0
47400 900328890056.0
47700 903989727704.0
48000 905761533549.0
48300 907229444953.0
48600 913482882974.0
48900 924484052644.0
49200 930470218636.0
49500 932960272996.0
49800 934394040372.0
50100 943950822852.0
50400 947815534374.0
50700 951169045746.0
51000 960472124904.0
51300 967329652118.0
51600 972493674254.0
51900 973508930037.0
52200 975071830739.0
52500 975667464111.0
52800 976358536159.0
53100 980905314455.0
53400 984229045513.0
53700 985434496653.0
54000 988460097338.0
54300 994684387215.0
54600 1003595002602.0
54900 1005609942260.0
55200 1007071691103.0
55500 1010676295201.0
55800 1011580066302.0
56100 1012852950168.0
56400 1027618486981.0
56700 1032821958824.0
57000 1034727265569.0
57300 1038609406707.0
57600 1039599000041.0
57900 1048868101542.0
58200 1052088405660.0
58500 1061397219293.0
58800 1077671921818.0
59100 1085288892164.0
59400 1092259210240.0
59700 1100357589288.0
60000 1117487719481.0
60300 1126007412482.0
60600 1134101721513.0
60900 1136267973774.0
61200 1140369527809.0
61500 1141570379003.0
