0 0
300 1442450038572.0
600 3216982322618.0
900 6223622622251.0
1200 6871716649139.0
1500 7041223998863.0
1800 7200753834041.0
2100 7455026616991.0
2400 7700760875455.0
2700 7864784986447.0
3000 7875760341618.0
3300 7876449030438.0
3600 7877996581647.0
3900 7880199031756.0
4200 7895833449931.0
4500 7913916954426.0
4800 7947474218341.0
5100 7956771570548.0
5400 7965110298427.0
5700 7965658690643.0
6000 9893560095038.0
6300 11167004995239.0
6600 11594314135227.0
6900 13227591892775.0
7200 14553566610252.0
7500 16095633544554.0
7800 16152699494600.0
8100 16203953783693.0
8400 16313731241480.0
8700 16495325809244.0
9000 16696733041737.0
9300 16964443645179.0
9600 17618644563863.0
9900 20414102310912.0
10200 20741242341560.0
10500 21138895363704.0
10800 21433518599117.0
11100 22218143078386.0
11400 22826537940968.0
11700 23386544840459.0
12000 23818565450264.0
12300 24670790706163.0
12600 25170843679453.0
12900 25914326176824.0
13200 26357956713563.0
13500 27086861554135.0
13800 27743018817745.0
14100 28154780187029.0
14400 28738351841737.0
14700 29407965551211.0
15000 30057485378834.0
15300 30534620458521.0
15600 31238677880531.0
15900 32206379070256.0
16200 32795127418444.0
16500 33213823290016.0
16800 33526251853871.0
17100 34100908012243.0
17400 34681813731471.0
17700 35751415706845.0
18000 36110043071174.0
18300 36469424928396.0
18600 36882076825635.0
18900 37883660069370.0
19200 39644405901447.0
19500 40454651138655.0
19800 41404066168582.0
20100 42701122493099.0
20400 44149297240399.0
20700 44916665177880.0
21000 47512128292610.0
21300 50763035342856.0
21600 53555120337696.0
21900 57020745240220.0
22200 59037900156243.0
22500 60071884737200.0
22800 63218569833173.0
23100 63604413678813.0
23400 64092889422577.0
23700 64574905029785.0
24000 65133132740100.0
24300 66200154794752.0
24600 67671871991046.0
24900 69295270703478.0
25200 70594811017062.0
25500 73010177904362.0
25800 80221058703605.0
26100 83854964096655.0
26400 87795742632415.0
26700 93032886413239.0
27000 97826993125346.0
27300 102651794145177.0
27600 109524043682691.0
27900 112583896972502.0
28200 114799880166600.0
28500 116019823337977.0
28800 116445869444965.0
29100 116895434288078.0
29400 117474645186216.0
29700 120686055620468.0
30000 122044814981972.0
30300 126010889251107.0
30600 126230180972197.0
30900 131863803509740.0
31200 141086402832028.0
31500 150202277535117.0
31800 155670921888024.0
32100 162397220766278.0
32400 171333155639816.0
32700 180315840945564.0
33000 189734872043286.0
33300 198280840582035.0
33600 208057387843349.0
33900 216102351101285.0
34200 225594219082015.0
34500 235416539234745.0
34800 244535147443086.0
35100 250143387767667.0
35400 254784293639072.0
35700 260264301303900.0
36000 267287139466828.0
36300 275546026964730.0
36600 281494969919740.0
36900 285821549365894.0
37200 291283574116475.0
37500 295083843928965.0
37800 299016795181760.0
38100 303035156069069.0
38400 306670510469626.0
38700 311763903769363.0
39000 316708181900945.0
39300 319646141285567.0
39600 321710717763150.0
39900 322371800246722.0
40200 323483989106167.0
40500 323893605509612.0
40800 323916218916887.0
41100 323997645649648.0
41400 324011539026387.0
41700 324028327872405.0
42000 324063294627176.0
42300 324065576170717.0
42600 324067099108385.0
42900 324067454208778.0
43200 324072113596057.0
43500 324073009032838.0
43800 324075599740260.0
44100 324076016481235.0
44400 324076291695569.0
44700 324076658427783.0
45000 324077040513375.0
45300 324077441568444.0
45600 324077711421566.0
45900 324078150306389.0
46200 324078412680538.0
46500 324078748812680.0
46800 324079223636974.0
47100 324131631045918.0
47400 324132101735375.0
47700 324132363309033.0
48000 324133378757865.0
48300 324133793060490.0
48600 324134026963143.0
48900 324134376636074.0
49200 324143257753601.0
49500 324175290295244.0
49800 324175699224551.0
50100 324177336222764.0
50400 324178645764319.0
50700 324181170280016.0
51000 324203003401956.0
51300 324403696803371.0
51600 325014449142690.0
51900 325544456663880.0
52200 326896619210384.0
52500 329693113855791.0
52800 332582614504591.0
53100 336728606657656.0
53400 344520210116680.0
53700 350751800387240.0
54000 358017866331834.0
54300 365461783233839.0
54600 373887832033486.0
54900 389621656660450.0
55200 402730266088776.0
55500 414826687684178.0
55800 428856971718331.0
56100 439272833571212.0
56400 447516529949548.0
56700 456373728210506.0
57000 463754769271609.0
57300 472559302047866.0
57600 482460788700681.0
57900 488686195139294.0
58200 498361158664398.0
58500 504649534825201.0
58800 507622654326525.0
59100 509843220097226.0
59400 512604150075229.0
59700 514401793270562.0
60000 516029219535805.0
60300 517055369112610.0
60600 519735866678047.0
60900 523030865063628.0
61200 526818981281027.0
61500 529329303745191.0
61800 533199582751620.0
62100 535685052904848.0
62400 537379314550158.0
62700 539810192526686.0
63000 541162803359552.0
63300 544139786658094.0
63600 546632479412098.0
63900 548736602315798.0
64200 550636558039125.0
64500 553343449169949.0
64800 556620715763744.0
65100 560455185471072.0
65400 565534449603093.0
65700 570743033031361.0
66000 576628683707959.0
66300 581717122895394.0
66600 588794874914574.0
66900 598964518471502.0
67200 604486279535533.0
67500 607005287735215.0
67800 611300696398968.0
68100 615494758149825.0
68400 619119413111704.0
68700 620996469573075.0
69000 625850953528304.0
69300 628482785055773.0
69600 629114893852496.0
69900 629293884959747.0
70200 629358354145735.0
70500 630499656499633.0
70800 631074255935491.0
71100 631295049117798.0
71400 633254973143362.0
71700 638851003533496.0
72000 642939447268979.0
72300 647927783658103.0
72600 655871432856927.0
72900 662727324159102.0
73200 672024027236456.0
73500 679993747862827.0
73800 686470738929411.0
74100 696039899094320.0
74400 702830565048810.0
74700 705766193545472.0
75000 711749169408866.0
75300 713470541696339.0
75600 714284363965215.0
75900 715669353639513.0
76200 718676738535610.0
76500 720503996711775.0
76800 722750418978868.0
77100 726496666072102.0
77400 735147832101608.0
77700 736447138149118.0
78000 737524754017020.0
78300 739188911164523.0
78600 742280823916631.0
78900 745225921124317.0
79200 749302192055679.0
79500 751326936444923.0
79800 751905693923231.0
80100 752392139455899.0
80400 752502331007672.0
80700 752647453011288.0
81000 755151821665638.0
81300 758406364007523.0
81600 758648177909614.0
81900 763883876839317.0
82200 772638893550828.0
82500 781022578900198.0
82800 783571381849371.0
83100 787533807173108.0
83400 791625876615531.0
83700 793475054737616.0
84000 798455868368919.0
84300 806814374385356.0
84600 815759942973362.0
84900 820931739879753.0
85200 827155333933009.0
85500 836989042487661.0
85800 849115168236423.0
86100 854620494530465.0
86400 857364059276138.0
86700 858673216633876.0
