0 0
300 2122576592.0
600 2135554999.0
900 2152945900.0
1200 2632780201.0
1500 238544959113.0
1800 238561763084.0
2100 238588022140.0
2400 9117043162488.0
2700 28362077700839.0
3000 47876760015242.0
3300 51967143329061.0
3600 53729212087820.0
3900 56603281655088.0
4200 73447222776042.0
4500 108043787229601.0
4800 117719298025786.0
5100 168053887126407.0
5400 204990096610778.0
5700 211525082194705.0
6000 220388903524589.0
6300 231352228394887.0
6600 238111745217160.0
6900 248370001948917.0
7200 259607339912856.0
7500 273600170953218.0
7800 281927488709209.0
8100 292686212686146.0
8400 301123299706453.0
8700 314308454031933.0
9000 328546750704079.0
9300 338538722563392.0
9600 351444392592034.0
9900 367919347700711.0
10200 381657186849697.0
10500 390532643968343.0
10800 399967549520139.0
11100 410027915262839.0
11400 418854563319998.0
11700 433484822186130.0
12000 440643187964929.0
12300 445980648686552.0
12600 507039139120627.0
12900 529053611625036.0
13200 596750600885879.0
13500 670227705324956.0
13800 734654321002945.0
14100 782235508998388.0
14400 852568290034719.0
14700 924156108634261.0
15000 979258625064726.0
15300 1032220091189219.0
15600 1079173652219988.0
15900 1170555170882089.0
16200 1258921459465133.0
16500 1385890391059903.0
16800 1435765828252046.0
17100 1456768456436562.0
17400 1479652151586665.0
17700 1533456644693783.0
18000 1557022184966548.0
18300 1573246338432665.0
18600 1592873374479868.0
18900 1615676295071265.0
19200 1638287627051936.0
19500 1650837791765829.0
19800 1659193379370117.0
20100 1663737731098180.0
20400 1666013655862275.0
20700 1684571873108489.0
21000 1695771831813361.0
21300 1700598269458490.0
21600 1706549416418520.0
21900 1721951212190653.0
22200 1727402312532687.0
22500 1734691010283060.0
22800 1753544965403432.0
23100 1759473637182751.0
23400 1759474364910340.0
23700 1759478586407473.0
24000 1759557843492088.0
24300 1759854684479013.0
24600 1759958055496616.0
24900 1759962291639020.0
25200 1759986000464322.0
25500 1759993121712737.0
25800 1760002439744031.0
26100 1760004032723946.0
26400 1760907718959108.0
26700 1764240794369415.0
27000 1764266025323095.0
27300 1764273699447673.0
27600 1764298446366020.0
27900 1765095598466930.0
28200 1765990820959892.0
28500 1766000651379980.0
28800 1766004600997151.0
29100 1766005103560415.0
29400 1766005128056717.0
29700 1766208715944921.0
30000 1766236256120205.0
30300 1766236485426499.0
30600 1766236520020335.0
30900 1766236524630356.0
31200 1766236562481855.0
31500 1766236619614789.0
31800 1766236628639913.0
32100 1766236729781846.0
32400 1766238273121537.0
32700 1766238298726748.0
33000 1766243514766006.0
33300 1766534974004464.0
33600 1766592362875570.0
33900 1766608909744328.0
34200 1766609738406243.0
34500 1766609983637794.0
34800 1766610105971899.0
35100 1766610163137157.0
35400 1766611717834208.0
35700 1766614584144385.0
36000 1766614794017220.0
36300 1766699635577342.0
36600 1766699657123173.0
36900 1766981229183270.0
37200 1766984417279517.0
37500 1766984444839227.0
37800 1767106412247563.0
38100 1767108657926840.0
38400 1767111352144783.0
38700 1767217838358483.0
39000 1767221551084181.0
39300 1767245224631428.0
39600 1767249017286238.0
39900 1767283504571879.0
40200 1767291545548586.0
40500 1767293809066981.0
40800 1767359387928573.0
41100 1767359438630001.0
41400 1767401660189455.0
41700 1767416701813211.0
42000 1767419655494173.0
42300 1767432577300538.0
42600 1767542278010220.0
42900 1767554359545214.0
43200 1767613381089193.0
43500 1767627481196942.0
43800 1767627481196942.0
44100 1767630050122705.0
44400 1767659537047161.0
44700 1767659553992522.0
45000 1767659592821342.0
45300 1767659625294148.0
45600 1767659625329367.0
45900 1767659667100507.0
46200 1767659799928401.0
46500 1767776618536608.0
46800 1767779130269507.0
47100 1767779446263514.0
47400 1767780802555855.0
47700 1767780937505634.0
48000 1767782042765471.0
48300 1767783322070870.0
48600 1767783372562386.0
48900 1767784378778280.0
49200 1767784378778280.0
49500 1767784566041041.0
49800 1767785164602161.0
50100 1767785311954155.0
50400 1767785349243459.0
50700 1767789058962604.0
51000 1767789058962604.0
51300 1767789205579168.0
51600 1767790279891546.0
51900 1767790328758742.0
52200 1767790624556773.0
52500 1767790641010540.0
52800 1767790641010540.0
53100 1767790669268077.0
53400 1767790714939823.0
53700 1767790788038823.0
54000 1767790826902314.0
54300 1767791314100713.0
54600 1767791359963237.0
54900 1767798591931562.0
55200 1767799666028320.0
55500 1767799808377578.0
55800 1767799842599440.0
56100 1767800037815095.0
56400 1767800164394576.0
56700 1767800204358235.0
57000 1767800204975925.0
57300 1767800277970791.0
57600 1767800399399569.0
57900 1767800418040805.0
58200 1767800566266174.0
58500 1767800633412299.0
58800 1767802317736117.0
59100 1767804369332647.0
59400 1767804399633108.0
59700 1767804607015399.0
60000 1767804607015399.0
60300 1767804656151041.0
60600 1767804681806887.0
60900 1767804701757822.0
61200 1767804731233127.0
61500 1767809897528781.0
61800 1767811390309324.0
62100 1767811433859278.0
62400 1767812708282966.0
62700 1767812842884033.0
63000 1767815214554967.0
63300 1767815215187553.0
63600 1767815215187553.0
63900 1767815338690311.0
64200 1767815357756841.0
64500 1767821566663011.0
64800 1767821649228705.0
65100 1767821690695629.0
65400 1767821693291168.0
65700 1767821844511952.0
66000 1767822509196932.0
66300 1767822523748294.0
66600 1767823919290939.0
66900 1767823942305634.0
67200 1767823948449430.0
67500 1767823984901910.0
67800 1767823996983098.0
68100 1767824017333045.0
68400 1767824046811588.0
68700 1767824060130922.0
69000 1767824845220965.0
69300 1767827789935245.0
69600 1767828910027702.0
69900 1767829044298831.0
70200 1767829844835969.0
70500 1767830584790460.0
70800 1767830667666046.0
71100 1767831008626535.0
71400 1767831129987331.0
71700 1767832201854128.0
72000 1767832449838783.0
72300 1767832479162168.0
72600 1767832479162168.0
72900 1767832509716395.0
73200 1767833534831814.0
73500 1767833636605620.0
73800 1767833666878319.0
74100 1767833674009537.0
74400 1768249859192811.0
74700 1770236768564826.0
75000 1772068340308646.0
75300 1774706662056675.0
75600 1776017559376277.0
75900 1777726523068048.0
76200 1780037285490051.0
76500 1782004064359579.0
76800 1782124112775310.0
77100 1782127243962045.0
77400 1782130238552202.0
77700 1782133126479503.0
78000 1782133126479503.0
78300 1782133878655352.0
78600 1782134045591150.0
78900 1782137367318334.0
79200 1782138118979404.0
79500 1782138127461837.0
79800 1782140336615022.0
80100 1782140539505670.0
80400 1782177310359703.0
80700 1782177329510104.0
81000 1782177672486119.0
81300 1782177679127228.0
81600 1782178956431739.0
81900 1782179144630341.0
82200 1782179303371535.0
82500 1782179576003105.0
82800 1782179930206779.0
83100 1782180073184081.0
83400 1782180157788754.0
83700 1782180175306436.0
84000 1782181049882697.0
84300 1782181332297018.0
84600 1782181344226338.0
84900 1782181387729888.0
85200 1782181387729888.0
85500 1782181388381381.0
85800 1782181409680217.0
