0 0
300 6955334902928.0
600 15216535253911.0
900 25222903539947.0
1200 35152469434714.0
1500 43572676191883.0
1800 53381716539008.0
2100 63437272553556.0
2400 72702141590036.0
2700 80702181493072.0
3000 89438701177015.0
3300 98508860522338.0
3600 110195504730575.0
3900 121163919205484.0
4200 131024570956406.0
4500 143358945781117.0
4800 154363268761903.0
5100 167389369747249.0
5400 177819577546381.0
5700 192132583791993.0
6000 209018496145389.0
6300 245148173689342.0
6600 267152544577093.0
6900 293326650673754.0
7200 312116346630963.0
7500 341720676636184.0
7800 361277236598120.0
8100 390131658154729.0
8400 496698463464181.0
8700 662832081597176.0
9000 959241097052309.0
9300 1207319413104766.0
9600 1550309488468031.0
9900 1710065092240594.0
10200 1739423470318221.0
10500 1766922325343501.0
10800 1784042569224521.0
11100 1806209869032093.0
11400 1871870180220723.0
11700 1929697487387180.0
12000 1972174731401375.0
12300 2004618433144891.0
12600 2030788561636418.0
12900 2058626286260421.0
13200 2078163108083870.0
13500 2135229505052271.0
13800 2164277129339959.0
14100 2184021247706836.0
14400 2202721067898679.0
14700 2228656785960515.0
15000 2243244763935752.0
15300 2262182532089972.0
15600 2271710805535294.0
15900 2281669048609369.0
16200 2291744018810185.0
16500 2301263375950354.0
16800 2310400891065181.0
17100 2326627675128925.0
17400 2352941426624694.0
17700 2592512080893707.0
18000 2974270930362167.0
18300 3000406004793949.0
18600 3072709331089869.0
18900 3090318452679392.0
19200 3114618497404276.0
19500 3129353583059718.0
19800 3143381422734884.0
20100 3152631287211721.0
20400 3159469883688539.0
20700 3165905665641240.0
21000 3172572802633674.0
21300 3181575630429598.0
21600 3206018259564046.0
21900 3250501436600795.0
22200 3402221429948612.0
22500 3568555361724306.0
22800 3605465381130842.0
23100 3665445081724534.0
23400 3680676905409382.0
23700 3691573465114869.0
24000 3702414324809225.0
24300 3712923515068578.0
24600 3740807287642349.0
24900 3752964184230989.0
25200 3768105790891868.0
25500 3781277199023510.0
25800 3811828265937420.0
26100 3829984374614179.0
26400 3847131984852914.0
26700 3859767967998705.0
27000 3888005401394881.0
27300 3923969750555672.0
27600 3937001263063643.0
27900 3956184497482240.0
28200 4005190315435500.0
28500 4029786906640771.0
28800 4067884894460041.0
29100 4085122019268403.0
29400 4126084674521480.0
29700 4147819558176041.0
30000 4181433753228878.0
30300 4333514933505118.0
30600 4536151665216326.0
30900 4602658770435707.0
31200 4758396561547940.0
31500 5179603717806447.0
31800 5207675705524204.0
32100 5234738937839050.0
32400 5254062206388043.0
32700 5276472019816484.0
33000 5711094572700630.0
33300 5737821185111024.0
33600 5763216261884311.0
33900 5781173622286434.0
34200 5802566267289744.0
34500 5813533733399576.0
34800 5832153663988276.0
35100 5847403078352015.0
35400 5867307224071510.0
35700 5910513499802809.0
36000 5922532720393778.0
36300 5932009175086908.0
36600 5940200061012225.0
36900 5949803781248942.0
37200 5958163600855381.0
37500 5969164052875754.0
37800 5980670468851523.0
38100 5986825853107643.0
38400 5993220603179529.0
38700 6001607124991276.0
39000 6137682816495832.0
39300 6372605266236558.0
39600 7087685978352272.0
39900 7600681053175935.0
40200 7617415943545357.0
40500 7631355004919465.0
40800 7694879751288898.0
41100 7709570200219322.0
41400 7727001320129525.0
41700 7733771776779038.0
42000 7737947277600236.0
42300 7742851853149058.0
42600 7748431319102705.0
42900 7756176351269899.0
43200 7763127200833323.0
43500 7770504065710754.0
43800 8054437376224975.0
44100 8091717986041254.0
44400 8466613223563204.0
44700 8483889439323745.0
45000 8489076013865490.0
45300 8497682943158498.0
45600 8503468006561116.0
45900 8517420223998626.0
46200 8525590810339318.0
46500 8534668628169159.0
46800 8540848064925946.0
47100 8547068411924181.0
47400 8556880485959038.0
47700 8568184026110037.0
48000 8583104693510313.0
48300 8599091421731251.0
48600 8856068767194390.0
48900 8890693918118713.0
49200 8919689774552582.0
49500 8927809699236966.0
49800 8935131925395771.0
50100 8941425410693319.0
50400 8947070495850448.0
50700 8954988104579243.0
51000 8970307361925452.0
51300 8983032788253132.0
51600 8998381204642293.0
51900 9023779538806064.0
52200 9032755743854176.0
52500 9044937473530864.0
52800 9055172430804216.0
53100 9079983729267232.0
53400 9130164419640356.0
53700 9160215188847636.0
54000 9173001909624712.0
54300 9214729611783984.0
54600 9278459935104392.0
54900 9283908929900800.0
55200 9289746418922632.0
55500 9296427027449182.0
55800 9317162716081328.0
56100 9967122632430104.0
56400 9998941761799384.0
56700 1.001842993431966e+16
57000 1.007485270126301e+16
57300 1.0093453785233482e+16
57600 1.057081870349866e+16
57900 1.13953262698821e+16
58200 1.169353317441934e+16
58500 1.260044143274989e+16
58800 1.2963697369644772e+16
59100 1.2970132838169062e+16
59400 1.2983448909727904e+16
59700 1.3163448337447798e+16
60000 1.3174597780380924e+16
60300 1.317913861036108e+16
60600 1.3202481096516562e+16
60900 1.3281933637854478e+16
61200 1.332937225894644e+16
61500 1.3408544581566302e+16
61800 1.3454055020538602e+16
62100 1.3602107797781206e+16
62400 1.3650093314714552e+16
62700 1.385732466080544e+16
63000 1.3891801536950416e+16
63300 1.407106911741772e+16
63600 1.4107670568000536e+16
63900 1.411247890643341e+16
64200 1.4126906368254268e+16
64500 1.413419541568925e+16
64800 1.4137296512534948e+16
65100 1.4151013238586096e+16
65400 1.415972443133329e+16
65700 1.4166001590075968e+16
66000 1.4170514568689832e+16
66300 1.4174578467812858e+16
66600 1.4181401476685744e+16
66900 1.419257245680124e+16
67200 1.4211836253080724e+16
67500 1.446260968753132e+16
67800 1.4550880233445442e+16
68100 1.5035199404178848e+16
68400 1.5162599517140062e+16
68700 1.5185929991678956e+16
69000 1.5214330023324274e+16
69300 1.523571629029881e+16
69600 1.5258728032122888e+16
69900 1.5272419931991506e+16
70200 1.5292725486921408e+16
70500 1.5305792484144378e+16
70800 1.5338108173042032e+16
71100 1.538400255180876e+16
71400 1.545740369792453e+16
71700 1.5481317278938068e+16
72000 1.5540566655570028e+16
72300 1.5882582697395172e+16
72600 1.6334586345673332e+16
72900 1.7257845835306924e+16
73200 1.7572674379762514e+16
73500 1.7799473086181304e+16
73800 1.811785148269592e+16
74100 1.82245853862756e+16
74400 1.843697857266885e+16
74700 1.8471958026248016e+16
75000 1.8625481324808064e+16
75300 1.9146576119721264e+16
75600 1.935591860573268e+16
75900 1.9529780793709076e+16
76200 1.955144686039264e+16
76500 1.9592759235055588e+16
76800 1.9843821371386724e+16
77100 2.0227556376194896e+16
77400 2.1121618507646604e+16
77700 2.183150319891585e+16
78000 2.230714774332946e+16
78300 2.287454332240424e+16
78600 2.3073254981149496e+16
78900 2.310206069717263e+16
79200 2.314063279166734e+16
79500 2.3161105285424252e+16
79800 2.3396410219081436e+16
80100 2.3438576872594556e+16
80400 2.3618793925844216e+16
80700 2.379190340592927e+16
81000 2.3865136314762056e+16
81300 2.399468309497024e+16
81600 2.4295995473844212e+16
81900 2.4322625317109044e+16
82200 2.4860960393908948e+16
82500 2.5626339389935456e+16
82800 2.5855984392227736e+16
83100 2.6179666926673532e+16
83400 2.627566295789487e+16
83700 2.628619960528923e+16
84000 2.6301852416471412e+16
84300 2.6313045951263296e+16
84600 2.636540061020917e+16
84900 2.6381447260766764e+16
85200 2.6396400945444544e+16
85500 2.6405594586597188e+16
85800 2.6452470234198956e+16
86100 2.646132300002184e+16
86400 2.648102959953502e+16
86700 2.648727598537786e+16
