0 0
300 41827692818799.0
600 83537086175088.0
900 124299852184540.0
1200 166917065936639.0
1500 209542451075265.0
1800 251636300267485.0
2100 293567491928843.0
2400 335036851650280.0
2700 375858906432691.0
3000 417256151029798.0
3300 457927430791755.0
3600 498350097246148.0
3900 538236935256393.0
4200 576971244885605.0
4500 614520603272049.0
4800 651747653098185.0
5100 689760782731388.0
5400 728075567649228.0
5700 766224382841120.0
6000 803705282999264.0
6300 840432120905726.0
6600 874168192514818.0
6900 909445983094515.0
7200 943727604366562.0
7500 978152811530103.0
7800 1011451832463772.0
8100 1045440894897243.0
8400 1080409762788759.0
8700 1113820913124851.0
9000 1147443175495571.0
9300 1180937890524957.0
9600 1213830540913993.0
9900 1245985674923207.0
10200 1278432638649454.0
10500 1310066125164325.0
10800 1341673318660847.0
11100 1373281002379808.0
11400 1403770943622492.0
11700 1433592795992101.0
12000 1462424688927749.0
12300 1492320131657317.0
12600 1521771897765046.0
12900 1550248681357362.0
13200 1577483810195936.0
13500 1605829400769690.0
13800 1633909943637107.0
14100 1661715360136272.0
14400 1689800132335796.0
14700 1717363227395726.0
15000 1744029225392217.0
15300 1771142470480524.0
15600 1797230130662135.0
15900 1822766745015928.0
16200 1849035697726755.0
16500 1875209928240069.0
16800 1902037488031709.0
17100 1929997488723534.0
17400 1958939141234976.0
17700 1987011776702491.0
18000 2015344339430891.0
18300 2043358079836223.0
18600 2070477723052478.0
18900 2097715380053827.0
19200 2125214858102500.0
19500 2152933483606291.0
19800 2180763042948483.0
20100 2209209810812923.0
20400 2236354165414930.0
20700 2263380093726376.0
21000 2289168291733725.0
21300 2315187821641121.0
21600 2340714778503527.0
21900 2352991948895632.0
