0 0
30 106220886370062.0
60 218990686720546.0
90 331102770720791.0
120 442652323757415.0
150 553449769884877.0
180 663872964287646.0
210 773954530049914.0
240 884027476516268.0
270 993975163687450.0
300 1103580403009706.0
330 1212841072797938.0
360 1321863510235508.0
390 1416255367341729.0
420 1525507761480104.0
450 1634916008194613.0
480 1744905857353927.0
510 1854675009722554.0
540 1964593878792199.0
570 2074478161409711.0
600 2184009083533111.0
630 2293537584837123.0
660 2403010108107496.0
690 2512351602083697.0
720 2621793644685177.0
750 2724257538718605.0
780 2834247354287259.0
810 2943200369475779.0
840 3052964233574116.0
870 3163449410061903.0
900 3273784542526615.0
930 3384251883733667.0
960 3494385355348185.0
990 3604407381976905.0
1020 3714872677205667.0
1050 3825164783166519.0
1080 3935663492215604.0
1110 4032028255347595.0
1140 4142797994202188.0
1170 4254046765337378.0
1200 4364925417624006.0
1230 4475484985000735.0
1260 4586340946305665.0
1290 4697517257892627.0
1320 4808817856184289.0
1350 4920079344120107.0
1380 5031519861157117.0
1410 5143428243758901.0
1440 5255027540716427.0
1470 5366037961278037.0
1500 5472348284750010.0
1530 5584293732817378.0
1560 5695898689752812.0
1590 5807312578103838.0
1620 5918889951316413.0
1650 6030833419237336.0
1680 6142429492729708.0
1710 6254100308917418.0
1740 6366362365067240.0
1770 6478546640091500.0
1800 6590602289007463.0
1830 6702776815163766.0
1860 6797633956309406.0
1890 6910318554495674.0
1920 7023158930793327.0
1950 7135939316180626.0
1980 7248394035269621.0
2010 7360563395362506.0
2040 7472790895399314.0
2070 7585573731005824.0
2100 7698198500463162.0
2130 7810705144500797.0
2160 7923242108492826.0
2190 8035748970953404.0
2220 8136908970307236.0
2250 8136908989633150.0
2280 8136909070514592.0
2310 8136909070514592.0
2340 8136909175589544.0
2370 8136909175589544.0
2400 8139510526402991.0
2430 8158318499598329.0
2460 8223765456702866.0
2490 8384275161488523.0
2520 8552075985088220.0
2550 8711852327543358.0
2580 8861292493053153.0
2610 8993976643025685.0
2640 9115686354151214.0
2670 9235577742868464.0
2700 9353627159041240.0
2730 9469813024660340.0
2760 9584860832758040.0
2790 9698626492458548.0
2820 9811560992173384.0
2850 9923218346337796.0
2880 1.003470291071649e+16
2910 1.014522889224948e+16
2940 1.0253032494575736e+16
2970 1.036421219822932e+16
3000 1.047446344459018e+16
3030 1.0585532703782412e+16
3060 1.0697589877371632e+16
3090 1.0809233265163884e+16
3120 1.0919861719647392e+16
3150 1.1031329453886176e+16
3180 1.114306853758698e+16
3210 1.1254443157935056e+16
3240 1.1365346042383008e+16
3270 1.1476532056486712e+16
3300 1.1587107223776712e+16
3330 1.1697944627300292e+16
3360 1.1809056409371992e+16
3390 1.192077215594046e+16
3420 1.2031377383130456e+16
3450 1.2141861728768376e+16
3480 1.2253174265166088e+16
3510 1.2364276637594632e+16
3540 1.2475636927956584e+16
3570 1.2586624318724664e+16
3600 1.269770662735072e+16
3630 1.2805473413470152e+16
3660 1.2916053035327728e+16
3690 1.3026672405810088e+16
3720 1.3137759214903716e+16
3750 1.324897384788018e+16
3780 1.3360190537292792e+16
3810 1.3471841961163764e+16
3840 1.3582790295982042e+16
3870 1.369379881854506e+16
3900 1.3804180165268284e+16
3930 1.3914834598102304e+16
3960 1.4026193009285844e+16
3990 1.4137026958114808e+16
4020 1.4248140946730012e+16
4050 1.4358554610337636e+16
4080 1.4437918943538076e+16
4110 1.4437919158858684e+16
4140 1.4437919158858684e+16
4170 1.4437919263996644e+16
4200 1.4441528445130908e+16
4230 1.4453130260081456e+16
4260 1.4517004353135304e+16
4290 1.462046920249184e+16
4320 1.4725873477646968e+16
4350 1.4831272511028564e+16
4380 1.4936421085687368e+16
4410 1.5041603598269368e+16
4440 1.5148217189441556e+16
4470 1.5253934199899464e+16
4500 1.5332811751250876e+16
4530 1.543057069667212e+16
4560 1.5536873283836892e+16
4590 1.5643616598891012e+16
4620 1.57505791557174e+16
4650 1.5857985645410972e+16
4680 1.5964819170931164e+16
4710 1.6072544385097116e+16
4740 1.6179869079513628e+16
4770 1.6287453455385268e+16
4800 1.6353278288564288e+16
4830 1.6432359414017468e+16
4860 1.654003223504094e+16
4890 1.6647881143558016e+16
4920 1.6749011904810196e+16
4950 1.6856673492547808e+16
4980 1.6964097957178644e+16
5010 1.707235226536556e+16
5040 1.7131596494109352e+16
5070 1.72349509963571e+16
5100 1.7343148454963848e+16
5130 1.745095158595844e+16
5160 1.755859905128936e+16
5190 1.7615474254584048e+16
5220 1.772203207024544e+16
5250 1.7830572276725312e+16
5280 1.7938525020221008e+16
5310 1.8046382584527e+16
5340 1.8154300046509844e+16
5370 1.826242818697121e+16
5400 1.8347879880366096e+16
