0 0
300 28608348485275.0
600 56110411918839.0
900 85165051228679.0
1200 113434627714392.0
1500 147712693046530.0
1800 179265498803440.0
2100 212527224946844.0
2400 240491674794608.0
2700 268493591693287.0
3000 294819069616133.0
3300 321927193758673.0
3600 347670401080154.0
3900 374427320140419.0
4200 399243091497867.0
4500 426021802834224.0
4800 450654878474327.0
5100 479609142533525.0
5400 504759651622919.0
5700 529425301503535.0
6000 551761048182370.0
6300 575263093712387.0
6600 598047055311702.0
6900 621724352368715.0
7200 641905046982546.0
7500 663088392367860.0
7800 683369310568679.0
8100 704649193734027.0
8400 744306582709564.0
8700 778041852921340.0
9000 833028864843583.0
9300 860806929715793.0
9600 879925923270355.0
9900 898504324638055.0
10200 917559558489369.0
10500 936111334218401.0
10800 954456694449601.0
11100 972093868585532.0
11400 989583954166787.0
11700 1006784504835458.0
12000 1023635794916305.0
12300 1041033928635652.0
12600 1056644576152020.0
12900 1072853181296087.0
13200 1088648627331243.0
13500 1105253551004433.0
13800 1121647998900503.0
14100 1138879481258444.0
14400 1155172478296940.0
14700 1171193664303458.0
15000 1186368771854045.0
15300 1202230580824851.0
15600 1220979604849585.0
15900 1242044595523242.0
16200 1258029686121050.0
16500 1273413136008366.0
16800 1287854984271465.0
17100 1302932520724199.0
17400 1320036335898126.0
17700 1336058497344298.0
18000 1350944833757056.0
18300 1365379254924249.0
18600 1379959975710353.0
18900 1394438257510779.0
19200 1409716255043378.0
19500 1425238109532223.0
19800 1439459622956112.0
20100 1454239286716758.0
20400 1469383105593798.0
20700 1483344247099510.0
21000 1497799681763577.0
21300 1511799526759486.0
21600 1525649468956755.0
21900 1531408753601079.0
