0 0
300 82241046465.0
600 160497318107.0
900 238249705152.0
1200 318346074500.0
1500 401131338433.0
1800 504613573833.0
2100 615963907305.0
2400 714315709408.0
2700 793629422877.0
3000 876079605880.0
3300 953801039428.0
3600 1027840031391.0
3900 1103297162432.0
4200 1171474580308.0
4500 1236995487037.0
4800 1305431973679.0
5100 1370585012229.0
5400 1440659199500.0
5700 1507539349106.0
6000 1575141061934.0
6300 1639164149789.0
6600 1717736699411.0
6900 1798455724656.0
7200 1878455458809.0
7500 1952409044890.0
7800 2037896260249.0
8100 2131333880866.0
8400 2189745838508.0
8700 2266666047137.0
9000 2321937398222.0
9300 2372323046003.0
9600 2428526801504.0
9900 2479409840339.0
10200 2529226495584.0
10500 2609499256441.0
10800 2647479088701.0
11100 2683738002771.0
11400 2714894456375.0
11700 2749905223204.0
12000 2789725870565.0
12300 2837048524160.0
12600 2942567849873.0
12900 2980615090383.0
13200 3019501800778.0
13500 3060830413504.0
13800 3091728640029.0
14100 3123694274494.0
14400 3156349658692.0
14700 3186409935595.0
15000 3214795241289.0
15300 3258515073062.0
15600 3331344270327.0
15900 3415009029026.0
16200 3509221807165.0
16500 3577025270804.0
16800 3651531791269.0
17100 3701250739024.0
17400 3739082265707.0
17700 3778394083601.0
18000 3812392353631.0
18300 3868934512535.0
18600 3931219597922.0
18900 3964253508088.0
19200 4003837174239.0
19500 4035838482831.0
19800 4072637659049.0
20100 4108658600205.0
20400 4157949990006.0
20700 4222330418417.0
21000 4293867340237.0
21300 4349566507347.0
21600 4397179052072.0
21900 4453308505830.0
22200 4504827319615.0
22500 4551573782101.0
22800 4620451535021.0
23100 4667271222001.0
23400 4719032041544.0
23700 4788430340983.0
24000 4835551657640.0
24300 4900767372540.0
24600 5001519179789.0
24900 5118137466248.0
25200 5169662457215.0
25500 5219061907129.0
25800 5270838515070.0
26100 5319811399754.0
26400 5369487538772.0
26700 5417018799087.0
27000 5467367295881.0
27300 5522327429553.0
27600 5565807493907.0
27900 5604467810820.0
28200 5656599348883.0
28500 5707257599442.0
28800 5772555871166.0
29100 5836528794532.0
29400 5913831428938.0
29700 5980332702691.0
30000 6047610447894.0
30300 6120955422668.0
30600 6203840692773.0
30900 6306972440577.0
31200 6439657657451.0
31500 6559844575989.0
31800 6679141965251.0
32100 6766217378597.0
32400 6850464595497.0
32700 6933174340850.0
33000 7031742235307.0
33300 7138902438596.0
33600 7231113933540.0
33900 7321503377286.0
34200 7400041859917.0
34500 7479696563444.0
34800 7608700370701.0
35100 7775199264803.0
35400 7904377094298.0
35700 8025090699512.0
36000 8121469659048.0
36300 8209890453443.0
36600 8304410490853.0
36900 8390467409910.0
37200 8469530478801.0
37500 8547251304725.0
37800 8627698470109.0
38100 8704137634449.0
38400 8781586021442.0
38700 8857976505690.0
39000 8943360269110.0
39300 9065909290421.0
39600 9208418397239.0
39900 9349040808232.0
40200 9474883250844.0
40500 9573641464901.0
40800 9667603330905.0
41100 9763750480017.0
41400 9824237262039.0
41700 9900576871637.0
42000 9980314050785.0
42300 10058411636402.0
42600 10127679474786.0
42900 10195443827209.0
43200 10286361273125.0
43500 10382999907566.0
43800 10449985640491.0
44100 10501331613474.0
44400 10544401495533.0
44700 10586232415633.0
45000 10629347655249.0
45300 10667625613111.0
45600 10709244561701.0
45900 10744984976088.0
46200 10787876778085.0
46500 10835029990870.0
46800 10868500181190.0
47100 10938049656069.0
47400 10988325285510.0
47700 11054439057768.0
48000 11112529172636.0
48300 11180870721471.0
48600 11249208000640.0
48900 11317975432210.0
49200 11389366565850.0
49500 11442062056424.0
49800 11494326244175.0
50100 11535256564722.0
50400 11594407548217.0
50700 11639917417962.0
51000 11740678175984.0
51300 11826117196583.0
51600 11893108867389.0
51900 11962895907485.0
52200 12022131780902.0
52500 12075621029213.0
52800 12126554249830.0
53100 12179985307847.0
53400 12220288223667.0
53700 12270899802027.0
54000 12319766348843.0
54300 12379446546277.0
54600 12425532520261.0
54900 12471432012775.0
55200 12522787949442.0
