0 0
300 13596719245.0
600 28676436599.0
900 43646788273.0
1200 53634176037.0
1500 63702497755.0
1800 70110710400.0
2100 87788797349.0
2400 103449703401.0
2700 111737004810.0
3000 122507917704.0
3300 141528001099.0
3600 151264876678.0
3900 157983549803.0
4200 166135026247.0
4500 172121845641.0
4800 184610481309.0
5100 189744693474.0
5400 197119830177.0
5700 206794437394.0
6000 213409099078.0
6300 227589840376.0
6600 237833011375.0
6900 252911906634.0
7200 263615279720.0
7500 268226344146.0
7800 275796550481.0
8100 281256083580.0
8400 290011596094.0
8700 302271773434.0
9000 310956703204.0
9300 316289201442.0
9600 321831745737.0
9900 330396996089.0
10200 340522465281.0
10500 360235364611.0
10800 373162539231.0
11100 381014537893.0
11400 386826842966.0
11700 394213415681.0
12000 399815381368.0
12300 409870903636.0
12600 419219737272.0
12900 425806807784.0
13200 430293829762.0
13500 433311587485.0
13800 437671856822.0
14100 449155777656.0
14400 454388320311.0
14700 458737044589.0
15000 462759843023.0
15300 464671798646.0
15600 467376517238.0
15900 471895215724.0
16200 477374920157.0
16500 484082045030.0
16800 492995970246.0
17100 498223841939.0
17400 501522634108.0
17700 510167180618.0
18000 514795593697.0
18300 518552475109.0
18600 522056067749.0
18900 525269938348.0
19200 528625200000.0
19500 533103167417.0
19800 537055240662.0
20100 540869977346.0
20400 544420512618.0
20700 545170753733.0
21000 548871726348.0
21300 555882165322.0
21600 560507316714.0
21900 564869658293.0
22200 566879837434.0
22500 568896958031.0
22800 571908162838.0
23100 574551010853.0
23400 577951134287.0
23700 580775326327.0
24000 582126260521.0
24300 584048838760.0
24600 586431490797.0
24900 590419216337.0
25200 594708793631.0
25500 598145358619.0
25800 600855865973.0
26100 602959846691.0
26400 606615326484.0
26700 608862993541.0
27000 611814364541.0
27300 615707761047.0
27600 617000622766.0
27900 618863962925.0
28200 620457443272.0
28500 624633763545.0
28800 629994757151.0
29100 633268467418.0
29400 635597365161.0
29700 639136584122.0
30000 641634754432.0
30300 644458577650.0
30600 647879776364.0
30900 651331335574.0
31200 654348103148.0
31500 655991578563.0
31800 658759316242.0
32100 664056684431.0
32400 669188801854.0
32700 672234719920.0
33000 676727031093.0
33300 679749579423.0
33600 682216114153.0
33900 686164904297.0
34200 689327523209.0
34500 691803524130.0
34800 696840485732.0
35100 702499434589.0
35400 706322276959.0
35700 712703362160.0
36000 719565916209.0
36300 723544364053.0
36600 727967691751.0
36900 732341445659.0
37200 736316579178.0
37500 741264947814.0
37800 747114445985.0
38100 751068756330.0
38400 758013139435.0
38700 770096623206.0
39000 775367328842.0
39300 781924392044.0
39600 787730220534.0
39900 793088510211.0
40200 799289467001.0
40500 805786019576.0
40800 811470517273.0
41100 815136223126.0
41400 823473309695.0
41700 831107038392.0
42000 838315411650.0
42300 848036100644.0
42600 855831389218.0
42900 867544558289.0
43200 874831278984.0
43500 880587643847.0
43800 886432923724.0
44100 891302955421.0
44400 898261829420.0
44700 907715306631.0
45000 917891479486.0
45300 925951471787.0
45600 931312375439.0
45900 937261266679.0
46200 946151129805.0
46500 955835303737.0
46800 964922168075.0
47100 971287064889.0
47400 978402662322.0
47700 988232530947.0
48000 995877577559.0
48300 1003855319517.0
48600 1011033487555.0
48900 1019791789144.0
49200 1028460036521.0
49500 1035568192296.0
49800 1046350192477.0
50100 1056895769741.0
50400 1068096566731.0
50700 1075663323634.0
51000 1082557347186.0
51300 1091867248938.0
51600 1170481201010.0
51900 1181963816443.0
52200 1194721774380.0
52500 1204808930019.0
52800 1215892613777.0
53100 1227417930455.0
53400 1247394271579.0
53700 1257200006144.0
54000 1268364179979.0
54300 1276904449160.0
54600 1287187351152.0
54900 1297714423307.0
55200 1316286200645.0
55500 1325243719175.0
55800 1335076520290.0
56100 1351117001821.0
56400 1366629505925.0
56700 1380479436046.0
57000 1390660797253.0
57300 1402937396631.0
57600 1412146399094.0
57900 1422470046107.0
58200 1434212866985.0
58500 1448367582279.0
58800 1460909310206.0
59100 1470317915687.0
59400 1482802143141.0
59700 1494655884953.0
60000 1502324062357.0
60300 1513930608380.0
60600 1524933068320.0
60900 1536815162635.0
61200 1546681767287.0
61500 1558514268380.0
61800 1570727024413.0
62100 1584867889165.0
62400 1595245334110.0
62700 1605655664091.0
63000 1621349942475.0
63300 1638193582177.0
63600 1651399342693.0
63900 1666852660870.0
64200 1688182126436.0
64500 1711443249601.0
64800 1724747410349.0
65100 1733938101241.0
65400 1747631577994.0
65700 1758259711256.0
66000 1769660527033.0
66300 1784402636846.0
66600 1799194336761.0
66900 1813609455368.0
67200 1822514985471.0
67500 1844531266853.0
67800 1867462301130.0
68100 1888022084554.0
68400 1901577377139.0
68700 1908937625700.0
69000 1923504188213.0
69300 1933978764793.0
69600 1949433829300.0
69900 1964256606048.0
70200 1973990280911.0
70500 1987607485384.0
70800 2000796360589.0
71100 2020433032513.0
71400 2036953486527.0
71700 2051273152438.0
72000 2061970198844.0
72300 2070807370526.0
72600 2084345390661.0
72900 2096750296468.0
73200 2107184134828.0
73500 2119582490826.0
73800 2130057360782.0
74100 2141209990977.0
74400 2150421268062.0
74700 2165328839391.0
75000 2179699860985.0
75300 2192147090451.0
75600 2205663677513.0
75900 2218920898218.0
76200 2230646163654.0
76500 2242129850513.0
76800 2253395790289.0
77100 2264122985576.0
77400 2276138081384.0
77700 2289145636014.0
78000 2299879888422.0
78300 2314389205162.0
78600 2328574477770.0
78900 2343908934330.0
79200 2355436078346.0
79500 2362491696785.0
79800 2375278346529.0
80100 2386690088982.0
80400 2400867189174.0
80700 2412049663743.0
81000 2423977140565.0
81300 2435898616069.0
81600 2446394417569.0
81900 2461659131152.0
82200 2479782130347.0
82500 2495753620495.0
82800 2505730222320.0
83100 2516888178294.0
83400 2530914893334.0
83700 2545598089974.0
84000 2558095412732.0
84300 2565457958732.0
84600 2575445486374.0
84900 2585207213146.0
85200 2592249131782.0
85500 2601277680191.0
85800 2612275340631.0
86100 2623679993617.0
86400 2633317367672.0
86700 2636649533245.0
