0 0
300 7036911579967.0
600 15270258762351.0
900 22116705276062.0
1200 28794773022557.0
1500 36311315716090.0
1800 42145449606510.0
2100 47332996519355.0
2400 52497189437393.0
2700 58503085318506.0
3000 63001636577158.0
3300 67872315958605.0
3600 72594403636400.0
3900 77536094700018.0
4200 83535193730784.0
4500 90038173578516.0
4800 95721955342738.0
5100 101771351223370.0
5400 106750525963343.0
5700 111788038281558.0
6000 116269983674507.0
6300 120482250900126.0
6600 124944409313072.0
6900 129891326789712.0
7200 133986317592306.0
7500 137865811618336.0
7800 141968868465573.0
8100 145695548957263.0
8400 150998084196548.0
8700 155751819187885.0
9000 164444953752622.0
9300 169639387143111.0
9600 173945131901499.0
9900 177185087376716.0
10200 180518611923855.0
10500 185219891503796.0
10800 189727771939340.0
11100 192252838971697.0
11400 195175789286244.0
11700 198367390619068.0
12000 201143089563909.0
12300 204245512985289.0
12600 207690431615457.0
12900 212210019326571.0
13200 214346917102469.0
13500 216237120284141.0
13800 217973505030429.0
14100 220492422119679.0
14400 222567127864370.0
14700 224323246478127.0
15000 226369302635991.0
15300 228672488763154.0
15600 232092601040493.0
15900 233874906952190.0
16200 235599624739964.0
16500 236987468881866.0
16800 238522408908618.0
17100 239981072240276.0
17400 242378165440066.0
17700 245051048359382.0
18000 246518972049002.0
18300 249119370574447.0
18600 250357361142457.0
18900 251780317008928.0
19200 253541002928485.0
19500 255067534609771.0
19800 257417554428096.0
20100 260795763995856.0
20400 263906742377412.0
20700 267058695748226.0
21000 268859843391902.0
21300 270167869963815.0
21600 271401113170477.0
21900 272673319001054.0
22200 273781793254399.0
22500 275048716416400.0
22800 276594252819145.0
23100 278159296962942.0
23400 279852548007208.0
23700 281084242687436.0
24000 282078762412605.0
24300 283303305649994.0
24600 284660924044768.0
24900 285621219803669.0
25200 286706673183972.0
25500 287770910338137.0
25800 288953397306707.0
26100 290238244324702.0
26400 291393099259026.0
26700 292597101387017.0
27000 293661486111973.0
27300 295132803160212.0
27600 296222583779408.0
27900 299214257969056.0
28200 303336869251899.0
28500 311434515073012.0
28800 315329496049837.0
29100 316375931430106.0
29400 317618203134784.0
29700 318631592947356.0
30000 320276238584581.0
30300 321502579898055.0
30600 322798215267308.0
30900 323790530251285.0
31200 324799421794386.0
31500 325815572034463.0
31800 327140287851683.0
32100 328032392556074.0
32400 329085824383312.0
32700 330170446224652.0
33000 331134947447699.0
33300 332431915622929.0
33600 336849359074188.0
33900 342761649485223.0
34200 344576863204484.0
34500 345760935196479.0
34800 346807476071739.0
35100 347870333644775.0
35400 349033969143261.0
35700 350577080924490.0
36000 351575494851634.0
36300 352304466250237.0
36600 353125266392049.0
36900 354246683117807.0
37200 355100158089512.0
37500 356033598721093.0
37800 357968659083134.0
38100 358934539297459.0
38400 359915048572880.0
38700 362029449229647.0
39000 362684486169980.0
39300 363478570975838.0
39600 364287737752247.0
39900 364891688007437.0
40200 365437391203035.0
40500 366051347327118.0
40800 367324916550392.0
41100 368121645905564.0
41400 368779080636872.0
41700 369865705586077.0
42000 370470695340419.0
42300 371608587229109.0
42600 372102791421144.0
42900 372739421923698.0
43200 373247436053218.0
43500 373806855557117.0
43800 374237741990054.0
44100 374760242609684.0
44400 376084537395905.0
44700 377081741652249.0
45000 378349585411322.0
45300 378895550572238.0
45600 379855953207930.0
45900 380558990032580.0
46200 468177430934917.0
46500 763295125706357.0
46800 1127751323424118.0
47100 1528130559267077.0
47400 1916511379700586.0
47700 2318751388809603.0
48000 2499467446077698.0
48300 2515669197137048.0
48600 2530029926249864.0
48900 2544573676171563.0
49200 2559198969600742.0
49500 2573708203134335.0
49800 2587966610878985.0
50100 2600835436227475.0
50400 2612974740254001.0
50700 2626132118653379.0
51000 2639222633990341.0
51300 2647388921276414.0
51600 2657397317211946.0
51900 2662315579203986.0
52200 2663947134888252.0
52500 2665799595118572.0
52800 2667785635961030.0
53100 2669614156733731.0
53400 2671952633503686.0
53700 2674407530711675.0
54000 2676801230096755.0
54300 2679181369056440.0
54600 2681285550429286.0
54900 2683135662533750.0
55200 2685953227224503.0
55500 2687717043671630.0
55800 2689729284859987.0
56100 2691994042983248.0
56400 2693981746207406.0
56700 2696166508736801.0
57000 2698414517861367.0
57300 2700366940158374.0
57600 2702409950244202.0
57900 2704635536058081.0
58200 2706800801795697.0
58500 2709155407887134.0
58800 2712166920311402.0
59100 2715565224900739.0
59400 2718611029354947.0
59700 2721984041917751.0
60000 2725215017497440.0
60300 2727930093035387.0
60600 2732020162902078.0
60900 2736937557174187.0
61200 2741365853361025.0
61500 2747906078388151.0
61800 2753905635920275.0
62100 2758403528074008.0
62400 2764481200862772.0
62700 2770764013597112.0
63000 2777157135450958.0
63300 2782420176591549.0
63600 2788019958542142.0
63900 2792973063342845.0
64200 2798169872149207.0
64500 2803970551841863.0
64800 2809054953938518.0
65100 2813751700885268.0
65400 2819929098891811.0
65700 2825878862265329.0
66000 2833069425263051.0
66300 2839709135985514.0
66600 2849118626642045.0
66900 2857664050198837.0
67200 2864851261310362.0
67500 2872049351550372.0
67800 2879310389108131.0
68100 2887970422447668.0
68400 2895332833343788.0
68700 2904196807204450.0
69000 2914079748571210.0
69300 2924178709857572.0
69600 2935800933533759.0
69900 2945552055799134.0
70200 2954199476647179.0
70500 2962878839415480.0
70800 2970996916733384.0
71100 2978879756208072.0
71400 2986039881571414.0
71700 2994216838674893.0
72000 3001868775437267.0
72300 3011199143421183.0
72600 3020761771079142.0
72900 3029135122093200.0
73200 3038054028304856.0
73500 3045477912598347.0
73800 3052027912721339.0
74100 3058168071900868.0
74400 3063657974011799.0
74700 3069128665897385.0
75000 3074363654651092.0
75300 3080667259691017.0
75600 3092797801982259.0
75900 3098882133084210.0
76200 3105535488052721.0
76500 3111371742889720.0
76800 3118095566078079.0
77100 3124793278646507.0
77400 3133180994434564.0
77700 3138768745579128.0
78000 3144055194814995.0
78300 3148977573124902.0
78600 3155060645018300.0
78900 3161163995362412.0
79200 3166275743857698.0
79500 3172510265191819.0
79800 3179387688591778.0
80100 3187434906869408.0
80400 3194646825331873.0
80700 3201626733933545.0
81000 3209552159267247.0
81300 3216282638895968.0
81600 3222990662103604.0
81900 3229455660289286.0
82200 3235056771532493.0
82500 3242165269746877.0
82800 3249315710214253.0
83100 3256268764484809.0
83400 3262492227326750.0
83700 3269099033007571.0
84000 3276406691149686.0
84300 3283798417768609.0
84600 3289461075402391.0
84900 3296810539678623.0
85200 3302980379720532.0
85500 3308860578904833.0
85800 3314502382679568.0
86100 3320914818630489.0
86400 3326204497961556.0
86700 3334956660465729.0
87000 3337705964130156.0
