0 0
300 56653161535.0
600 93106223555.0
900 112212529266.0
1200 132320026998.0
1500 146008272520.0
1800 161046963250.0
2100 176487854845.0
2400 191320281565.0
2700 207481286007.0
3000 223132102801.0
3300 236906122006.0
3600 252266066251.0
3900 268657942715.0
4200 283353579695.0
4500 296132269715.0
4800 308721717037.0
5100 320086940849.0
5400 333035597441.0
5700 346279183589.0
6000 357100572621.0
6300 366959169283.0
6600 377428996069.0
6900 387716736444.0
7200 396965849748.0
7500 407002459955.0
7800 416342843508.0
8100 424372050400.0
8400 433100526404.0
8700 441059693632.0
9000 449306818221.0
9300 459513559241.0
9600 468630291315.0
9900 476364134848.0
10200 484543139866.0
10500 492478241266.0
10800 502355740479.0
11100 548652521385.0
11400 559083622193.0
11700 568609229839.0
12000 581030926586.0
12300 589487541435.0
12600 602770499090.0
12900 612856661127.0
13200 621280571070.0
13500 629544524373.0
13800 640487374141.0
14100 647688636795.0
14400 652864571861.0
14700 658908505173.0
15000 664710859689.0
15300 669501277015.0
15600 675260137149.0
15900 679513515662.0
16200 684085097756.0
16500 689114443295.0
16800 693308398319.0
17100 699619848481.0
17400 703775224980.0
17700 708887146416.0
18000 713155075494.0
18300 717151493418.0
18600 721703520674.0
18900 725456004751.0
19200 728998201507.0
19500 732170050976.0
19800 735696371020.0
20100 739322643925.0
20400 742355421428.0
20700 745470832560.0
21000 748808937263.0
21300 752357223227.0
21600 755977926258.0
21900 760006370071.0
22200 762689495772.0
22500 766662862999.0
22800 769915216357.0
23100 772461164386.0
23400 775678327833.0
23700 779570211426.0
24000 783183387514.0
24300 786141801245.0
24600 789130511648.0
24900 792496991256.0
25200 795232770261.0
25500 798983029858.0
25800 801886931366.0
26100 805410140411.0
26400 808951405084.0
26700 812270833999.0
27000 816571030363.0
27300 820055891383.0
27600 823637918756.0
27900 828568692195.0
28200 832731928219.0
28500 840452673626.0
28800 844687716383.0
29100 850565697217.0
29400 855714234844.0
29700 863400877116.0
30000 868068624375.0
30300 873151257372.0
30600 879425045705.0
30900 885885678911.0
31200 893102406859.0
31500 899729754024.0
31800 907089023279.0
32100 914793645549.0
32400 921666725488.0
32700 931917157973.0
33000 941501465423.0
33300 949567008639.0
33600 957058780471.0
33900 964989767617.0
34200 973636362231.0
34500 982962142002.0
34800 991310285594.0
35100 1000162756587.0
35400 1010669815716.0
35700 1020202833893.0
36000 1029083368575.0
36300 1039884413295.0
36600 1049382499078.0
36900 1059182538779.0
37200 1068378605147.0
37500 1078158009856.0
37800 1088586022508.0
38100 1100754031919.0
38400 1111354705797.0
38700 1121873942403.0
39000 1139029953429.0
39300 1151840427392.0
39600 1162849582265.0
39900 1174681361406.0
40200 1185776929624.0
40500 1197653675036.0
40800 1208326541834.0
41100 1218976225716.0
41400 1229998794082.0
41700 1244935387949.0
42000 1256085950012.0
42300 1268194230972.0
42600 1284639747229.0
42900 1300333304125.0
43200 1312433151352.0
43500 1326288619686.0
43800 1338852577991.0
44100 1351857952650.0
44400 1363860466443.0
44700 1375508160062.0
45000 1387643354422.0
45300 1401235179072.0
45600 1413283504684.0
45900 1430169542334.0
46200 1441783725252.0
46500 1456400846299.0
46800 1468341624008.0
47100 1483510387920.0
47400 1497623092971.0
47700 1512814643722.0
48000 1525438744345.0
48300 1538544628223.0
48600 1552652728757.0
48900 1568889539364.0
49200 1581445268258.0
49500 1595437704300.0
49800 1607891454839.0
50100 1622659414420.0
50400 1635246590250.0
50700 1651543538385.0
51000 1665187473170.0
51300 1679481966344.0
51600 1692726271151.0
51900 1714666522094.0
52200 2284233647024.0
52500 2462833866723.0
52800 2478665267138.0
53100 2500567737704.0
53400 2515774157938.0
53700 2547659362111.0
54000 2561760440363.0
54300 2578717085056.0
54600 2594904541558.0
54900 2612069612596.0
55200 2627070545973.0
55500 2642058084886.0
55800 2656891639057.0
56100 2674600441731.0
56400 2689692885815.0
56700 2704826880800.0
57000 2719830674455.0
57300 2739054004764.0
57600 2754149529126.0
57900 2773931574420.0
58200 2788841442240.0
58500 2804129833093.0
58800 2820017862473.0
59100 2834966330456.0
59400 2852760484936.0
59700 2872291603971.0
60000 2888903914024.0
60300 2906284579953.0
60600 2921443968610.0
60900 2937482983017.0
61200 2952874309699.0
61500 2971702367122.0
61800 2988325826460.0
62100 3004737358487.0
62400 3020958936238.0
62700 3035901422934.0
63000 3052765162061.0
63300 3071378388753.0
63600 3087693025962.0
63900 3105729926859.0
64200 3121932924028.0
64500 3140244143649.0
64800 3156980761378.0
65100 3176050547899.0
65400 3193859136190.0
65700 3211918844568.0
66000 3227866331687.0
66300 3244493944749.0
66600 3261759651106.0
66900 3281419696719.0
67200 3311457572635.0
67500 3329877511070.0
67800 3346264568178.0
68100 3363651488543.0
68400 3382132885040.0
68700 3400793590059.0
69000 3416332337720.0
69300 3435042894315.0
69600 3453738190839.0
69900 3470819907025.0
70200 3487678138909.0
70500 3507956983168.0
70800 3523937213377.0
71100 3552147666775.0
71400 3568981998432.0
71700 3593326257072.0
72000 3611219296474.0
72300 3633994794083.0
72600 3651781103560.0
72900 3670245592844.0
73200 3687905839073.0
73500 3704695983294.0
73800 3724316228105.0
74100 3744707639559.0
74400 3763017949401.0
74700 3780095413844.0
75000 3797508488910.0
75300 3822499019402.0
75600 3845753152549.0
75900 3869888474622.0
76200 3890556157869.0
76500 3909103608418.0
76800 3925315221530.0
77100 3942217911259.0
77400 3961518139403.0
77700 3982991406164.0
78000 4001290851351.0
78300 4022137348195.0
78600 4038914064902.0
78900 4057381341247.0
79200 4073744673569.0
79500 4094535626436.0
79800 4112718946343.0
80100 4130749801980.0
80400 4147771748649.0
80700 4165113492750.0
81000 4186732205248.0
81300 4203973639543.0
81600 4219755775399.0
81900 4238827049024.0
82200 4255974454861.0
82500 4274718314580.0
82800 4294937331233.0
83100 4315120057227.0
83400 4331671487610.0
83700 4348362583541.0
84000 4368971407831.0
84300 4382646953676.0
84600 4399318741739.0
84900 4414115680514.0
85200 4427116529553.0
85500 4442588671632.0
85800 4455155488281.0
86100 4471720834323.0
86400 4490681056301.0
86700 4501187984954.0
