0 0
30 83732128842411.0
60 176825100857293.0
90 277322636421291.0
120 382538573727487.0
150 492806717708390.0
180 606150810181701.0
210 723638559900869.0
240 842181544121067.0
270 962480975789832.0
300 1083709249659043.0
330 1207732008572733.0
360 1332776446293112.0
390 1460682484467780.0
420 1590582628372834.0
450 1722568680547298.0
480 1856434860973158.0
510 1991638866148291.0
540 2126560534970664.0
570 2262246127118831.0
600 2398620538519442.0
630 2507074198961462.0
660 2643997625427104.0
690 2781245633411010.0
720 2916779936422227.0
750 3048546896483873.0
780 3173079875305993.0
810 3298808393969008.0
840 3420828970918300.0
870 3542186796352049.0
900 3660997046906367.0
930 3780917942547394.0
960 3901916617826009.0
990 4023672561213118.0
1020 4142254692176167.0
1050 4262647770213285.0
1080 4381657522221388.0
1110 4499516499296643.0
1140 4617902736560127.0
1170 4736366215026924.0
1200 4854113563856359.0
1230 4972579659580963.0
1260 5090547055452554.0
1290 5207957368116974.0
1320 5325846247687906.0
1350 5444526710752052.0
1380 5562076566721938.0
1410 5679758809438478.0
1440 5796024920789375.0
1470 5882770689425775.0
1500 6016496642156064.0
1530 6150734950182260.0
1560 6283442774288326.0
1590 6416187232011996.0
1620 6548143498198504.0
1650 6679676044178971.0
1680 6812337534626451.0
1710 6945125159848638.0
1740 7077056284123763.0
1770 7209037169055453.0
1800 7340861272805914.0
1830 7474248150362017.0
1860 7604952972384585.0
1890 7737137863663031.0
1920 7868739796215471.0
1950 8001129879642529.0
1980 8131829638782372.0
2010 8263354544694259.0
2040 8395151705168338.0
2070 8526150025784770.0
2100 8657071694711832.0
2130 8788378851777843.0
2160 8920161135571387.0
2190 9051008360797484.0
2220 9182315022407400.0
2250 9313242419398164.0
2280 9444303006960568.0
2310 9573462547580182.0
2340 9704590439977488.0
2370 9836211733641164.0
2400 9967230097821192.0
2430 1.0098554678410144e+16
2460 1.0230245239863844e+16
2490 1.0351640048839266e+16
2520 1.0482555618310374e+16
2550 1.0613408468129756e+16
2580 1.0744087064516118e+16
2610 1.0875726105650066e+16
2640 1.1006620484417272e+16
2670 1.1138309098847066e+16
2700 1.1269461485226306e+16
2730 1.1399557033662574e+16
2760 1.1530577279210256e+16
2790 1.166148272081376e+16
2820 1.1792584570555996e+16
2850 1.1922236174190516e+16
2880 1.2053580847522066e+16
2910 1.2184839695333816e+16
2940 1.2314666792077304e+16
2970 1.2444196280783574e+16
3000 1.2574142021933132e+16
3030 1.2704884338303892e+16
3060 1.28352025751397e+16
3090 1.2966865861791974e+16
3120 1.3097562663799282e+16
3150 1.322939666245024e+16
3180 1.3360101969377588e+16
3210 1.349072013670864e+16
3240 1.3622361035328106e+16
3270 1.375308767119957e+16
3300 1.388409427636654e+16
3330 1.4012654701604164e+16
3360 1.4142321589478364e+16
3390 1.427366767333254e+16
3420 1.4404439487257356e+16
3450 1.4534973816767784e+16
3480 1.46649960256408e+16
3510 1.4795280702143156e+16
3540 1.4925570204318608e+16
3570 1.5057042091804728e+16
3600 1.518740010072358e+16
3630 1.5318069577131872e+16
3660 1.544931201866374e+16
3690 1.558008993339602e+16
3720 1.5711262439960048e+16
3750 1.5842439145449096e+16
3780 1.5971919199420664e+16
3810 1.6102684883292584e+16
3840 1.6233342046875742e+16
3870 1.6364070017919856e+16
3900 1.640095990239986e+16
3930 1.6400961238286144e+16
3960 1.6400964120806116e+16
3990 1.6400966382920352e+16
4020 1.6401205778031656e+16
4050 1.6401367731807788e+16
4080 1.6406846867533372e+16
4110 1.6407294878655396e+16
4140 1.6407294878655396e+16
4170 1.6407298739816192e+16
4200 1.6407298739816192e+16
4230 1.6407303682771468e+16
4260 1.6407303682914764e+16
4290 1.6407308625724696e+16
4320 1.6407308625724696e+16
4350 1.6407313568534628e+16
4380 1.6407313568534628e+16
4410 1.640731851134456e+16
4440 1.640731851134456e+16
4470 1.64073234544391e+16
4500 1.6407323455153412e+16
4530 1.6407328397963344e+16
4560 1.6407345339785684e+16
